399,5,10
12095.8643935308,-16330.0735608524,-41703.7350889456,-17205.8403026751,39747.9892399884,309,262,191,57,279,367,357,105,106,236
7370.97648411982,16238.1860399481,16159.6193082714,30296.5315958237,-35.1222152726623,111,187,170,231,224,116,248,197,182,381
-44792.210971413,-25583.4713209721,1697.90147062131,49947.7858635892,11528.8242215057,274,386,129,18,158,122,153,114,275,56
43120.138460825,-20449.2749168403,-32895.1982474553,48097.8160932146,8313.29680886482,33,225,99,230,382,172,318,327,298,95
22866.1681678271,18017.8371230502,43855.7864331842,-37296.3057805143,19825.3926627414,273,219,85,342,336,71,213,117,317,8
23784.165379759,2784.68304187979,9048.31771425717,-26775.9854038207,-47066.7657245638,243,123,58,397,305,22,351,338,130,278
-43659.5499307182,-8840.64865924654,-5936.53192391599,-47636.7533341775,2788.26877386473,136,332,67,323,66,295,280,76,207,94
36044.0563038232,10263.8218036397,44191.8930311283,10743.2610401855,-46792.7153580015,277,119,171,351,286,324,305,38,11,61
43440.5118961213,25052.0055923736,15591.3820257141,-38919.067871285,32714.2322836315,219,342,117,391,71,398,4,213,260,273
48439.8312240972,8353.31742619586,-4805.42907396142,-9254.04921216011,-16001.3793517831,77,232,92,11,344,109,397,35,260,377
35893.8816683866,5179.25149359675,33969.7420719669,38407.6806661962,34671.095888053,139,135,348,179,339,198,281,379,358,192
28555.8989265031,8357.06187577144,3262.35024743463,4813.27774765875,-25393.0432893902,84,109,9,264,344,26,35,24,118,232
1337.74185875749,1181.99199584752,5388.7065791275,-13099.6923288383,8149.12523681326,290,127,393,197,146,78,246,302,116,224
-32239.7539494135,-41740.7273001301,18006.5530083361,-29165.4017186653,43767.6879074775,147,184,104,295,210,346,323,388,173,284
-10141.0503264157,21957.013485949,-13281.0094682633,-5905.67234756765,-45221.2707614934,291,163,221,62,212,253,326,263,161,372
-36606.8749012029,49615.6111296869,-26070.9393806455,45619.6152175878,-44602.2340829761,349,29,97,345,217,371,27,45,160,204
-46911.0451255048,-14546.5695043078,7892.34924590936,-37597.4083351957,-47938.1965880009,280,207,148,337,23,195,332,212,87,368
43914.1706069548,47125.8815183406,36688.7054672508,-2923.67541330431,18147.8514196212,117,391,71,342,102,336,179,143,260,379
-19869.3935413608,-15355.123869964,-9322.32397847744,35689.6327782193,9862.85266332347,182,274,315,386,211,21,114,255,322,56
-20446.6165524644,38654.3861760306,-38738.4858974953,-45660.9528433047,-38596.9965484344,131,202,164,355,212,221,362,163,14,250
-16706.3718163825,-4530.51350080922,-5615.41632730426,19162.5145201306,29624.5350725845,331,315,341,40,18,78,236,126,393,177
-3293.18129711476,-8657.27109791847,-19981.55987861,47898.5466675038,11785.0587139279,99,322,18,182,230,274,211,90,46,114
14819.8406466157,-28226.79316427,-9861.31461855072,-21673.2101507863,-42978.6476013042,278,37,58,384,130,276,301,28,5,214
-47477.1818506964,-37434.5412637374,33336.3563453134,-36621.9500005577,-43072.1027431999,195,376,16,368,280,254,64,337,307,87
34220.6612419334,-19108.5406433185,-9637.13372263929,18527.9684412687,-36399.261137991,84,42,149,310,118,232,329,11,384,308
5903.2544988695,22610.4431664832,-10982.4061869393,40945.4555749395,28889.1319657009,252,381,240,40,358,172,353,220,111,354
35409.9949273443,28287.2072979123,-13955.1106621055,11086.8982383243,-40760.154207617,264,344,11,324,35,245,109,329,161,372
-15212.0805672739,19378.7614986897,-35974.4640730556,39998.2796432861,-26213.1207992694,183,345,204,299,364,160,349,354,90,211
-5397.33519448971,-49019.7747736938,-23986.980588756,-30656.6248060908,-25635.2087383215,365,276,22,278,141,37,165,356,244,384
-44576.051555887,34321.333801051,-41318.4899134166,25442.458148825,-39517.7787341105,97,45,204,15,349,299,82,27,70,345
-32289.2466210891,42233.1997796276,-7060.26629141947,-15373.9283335225,35835.2760228758,306,69,235,333,352,289,44,178,328,121
16280.8061960974,27095.4220673924,-24271.721523014,-8137.4585697287,19819.9766179566,259,105,320,185,133,100,215,269,266,282
-16917.1004796695,-45734.0144064951,-20244.4615848882,-34428.0169645108,23374.2133263281,173,323,106,132,373,165,236,13,346,115
39848.61378343,-12181.3862949781,-7514.15882953742,31900.0583926841,15053.0624454913,369,166,358,3,188,172,118,99,225,327
-38184.4801553289,20433.9624483368,-38079.2740578713,12492.3527846277,1627.0565774129,271,108,175,44,86,216,45,126,366,354
48841.7928784981,22951.3045504647,-493.307619954088,23856.0421610648,-17361.1864911118,344,264,11,26,109,9,369,324,316,383
3998.20990379291,-27572.2929335486,20640.7227537561,30511.2420706954,16177.6196778501,188,340,348,198,258,292,330,78,182,112
20691.7419322763,-23094.5268226635,-25642.6627319049,-43277.7342436821,-38243.4515378244,244,285,58,130,22,377,276,278,123,338
49949.1620097705,17303.1165004119,28507.0081934006,45079.0316505566,-35218.2585818394,119,35,7,324,174,171,149,277,11,192
-21215.0655184863,-2250.78022731387,-42591.0423139073,-242.298897783934,-48023.5336271183,190,326,93,14,107,299,278,82,214,72
-8547.74611068916,12371.6412667442,-10611.6573018303,25514.5904700522,46429.1730299559,331,81,341,20,25,283,325,240,54,335
-3516.00583748627,-26355.506735909,-49660.5877035693,24240.5070676942,47037.2902013312,279,150,363,46,325,322,367,0,309,282
26395.7078491957,-32287.6245501683,-27932.3108066976,33112.9575710113,-37613.949285318,24,310,374,59,95,396,359,382,308,107
31820.4038907671,32964.3385697585,-49869.9431299404,-34349.8153249798,-3258.99732255404,362,390,269,265,320,185,266,133,92,355
-39977.8459804508,26692.1667935265,-31082.0329005265,-4269.12794485914,15669.4003304474,366,34,175,271,333,86,178,76,289,30
-32188.3046113234,43447.827311827,-35751.5945179028,11810.0496094381,-20981.4433367133,250,86,29,271,34,216,178,108,82,160
-14036.508651792,-39211.1094915636,-23192.4000876624,43218.3355047051,25453.6639716295,153,322,386,18,21,99,48,47,150,158
-44329.5310931709,-31777.2494398944,-32510.7934664217,33508.8235559351,5811.80513589715,189,56,386,158,196,153,114,73,255,91
2188.56736612792,-40090.4717577542,-36135.1028407405,39542.351634235,-7220.74044515439,322,99,363,59,107,167,53,46,374,42
-16415.1025323075,-1023.6198076553,9888.5610367865,8251.85246680301,-23280.59427258,197,246,387,146,385,187,62,93,242,110
-32433.0970324339,-30675.466953113,40105.7905682726,8274.68063617915,25373.6074133061,63,210,272,147,258,184,284,292,80,78
-29105.3326006865,39589.1573792568,43937.9765884238,35492.5938969955,39837.6325005631,74,389,75,350,303,229,270,233,81,392
40515.3559004464,-40091.0350318185,-27881.5544060922,-46513.4299952069,22844.4033957786,395,57,296,357,176,375,132,106,244,157
17539.1177336247,-45583.4428237339,-1732.86246035862,38542.0095484803,-9316.98653455116,298,340,382,149,48,118,112,99,312,36
-3153.18000960026,5729.51558047619,-12398.8884075245,-9226.91886440182,43831.5840253697,393,236,289,283,262,331,69,325,105,115
41213.2474239623,27249.5067187624,2378.00369658695,-46361.7969552168,-24457.2545062197,321,397,338,260,123,92,199,154,265,202
-39598.8425220622,-18805.9942503731,-23512.740645141,24614.794273772,3316.32406088226,73,255,47,114,211,189,386,18,126,315
24554.6073701717,-32101.7520685665,-43164.2779529171,-34517.1229248894,45475.487037637,0,309,52,106,395,191,357,262,279,132
23626.7455596638,-16104.4321752282,-6367.29225198973,-35609.1671325132,-23225.2463559904,338,276,130,37,22,157,377,92,123,5
6186.14252816374,-28985.4362956448,-32614.6962634999,10595.9053323747,-24991.5379410411,107,214,374,42,95,141,48,93,84,24
-31580.5902484473,1015.25197652503,-47389.2891845095,-24551.9155948631,42767.2720239348,262,366,289,367,121,328,201,236,44,226
9721.13503378549,40636.4323265215,45467.8274080449,-17584.5794994178,-43141.7651444544,83,171,277,319,85,101,305,304,313,324
-20006.3009910211,12892.3938652318,-6940.34801405828,-9820.90821530014,-20059.9613439135,163,387,253,246,49,14,197,110,76,332
-36587.7067171318,-39846.6111187688,46155.8573103663,-9362.66785988729,9158.35341563671,50,210,147,388,347,368,80,184,155,195
-28739.8466641157,-10914.5247273645,26241.4484002993,-11380.8861439088,-29670.0854643664,368,280,110,146,87,385,49,195,347,67
39494.1675440814,-44538.3384776342,-49265.1338897153,10980.1823837955,13588.3198886887,382,363,279,374,225,124,357,309,300,3
-42854.7187212955,128.291320321528,18003.8640460139,-33310.9277333754,29837.0257830258,104,209,184,177,284,218,67,287,346,295
-25751.3441063281,-6827.88281157528,20595.0754248883,-31190.7926804752,170.105236421827,347,146,280,368,257,104,66,209,6,64
-44624.5607791286,49756.0349512189,14512.8786607382,-40537.1130137835,15081.2135949142,235,94,378,205,30,140,76,306,257,164
-5827.79429355761,31160.2580995323,5230.98445077299,-17681.3727238736,29595.4985556127,352,143,288,306,30,393,54,259,94,12
-48671.6799532747,-1434.83301019824,-28189.127021672,26959.6929272335,-26662.6231928433,299,204,183,91,82,211,97,113,114,255
39719.1350973572,39444.7755567393,27236.6213613043,-26588.1997541002,10083.8938434792,391,117,260,17,342,273,8,219,143,4
-30334.1808632368,-36245.3405232935,-27197.167639955,24036.5469624262,-38753.7621616714,167,107,189,151,91,93,122,142,312,113
-40662.9483244907,-10999.5085554715,-12913.5281026595,19281.8413831729,1576.56531959144,255,56,114,211,315,18,274,246,126,47
-19263.310041208,42735.6224998125,39092.8821025695,32407.821336638,33784.0690870234,51,75,270,303,233,389,350,392,229,81
-4394.23331562585,41749.3832416117,35637.6907728261,32797.7549139487,42079.0107998705,303,74,270,51,233,392,81,200,353,102
-39833.0606375245,21357.4011594316,-9756.64501865559,-20663.2065991608,-177.207054464416,235,164,136,62,44,332,94,387,178,271
49538.9727655092,11833.738362194,-18198.0882503265,-19063.0757577251,-22238.8877735612,9,92,377,232,338,344,109,157,397,321
-16790.7166547501,-15671.2109758655,10863.543063499,2302.9798441993,15251.9960748294,315,246,20,12,290,146,393,177,197,361
-20265.3184112078,43602.732668977,41019.5226694482,-17470.1007505574,41729.8803800668,140,200,229,287,209,306,233,69,205,102
-43795.4778680367,-37522.5959339507,40909.8187800882,33184.2510486068,983.945351473551,294,223,247,293,268,120,258,50,275,272
-20175.6028112236,23058.5361505707,9159.44089074378,31029.4790743841,47419.1483802598,40,303,341,203,392,350,335,331,128,75
-45364.8735101819,14647.7432425814,-16742.8592664449,5699.8261278609,-30272.1057902686,387,96,70,299,62,271,97,160,183,371
542.814245770292,33315.1985669295,35306.3629209919,-23703.5966269843,-38881.5016211066,61,319,85,110,101,305,243,304,263,144
26142.5886690113,-10171.7771781225,-5760.21069588349,18056.620230445,-20264.5706631378,24,118,11,109,90,232,310,369,329,149
13106.9999213594,24982.2209360636,40435.5478217944,-26634.6854557615,-10358.1464438273,273,144,83,4,181,380,61,319,286,116
-41010.8349223908,33522.051047813,-46682.0594047873,-4357.46353868881,-7924.43166515079,34,45,271,44,250,108,178,175,76,164
-41913.7576869686,-17753.9602637741,3242.64825001326,-11543.3105488476,-18852.4642349547,280,332,148,368,64,195,387,96,146,365
27724.0536548943,5226.1616858355,21649.7346504382,3860.14386980218,19384.3170932226,379,339,224,127,336,213,179,342,219,348
40513.4744223571,47912.9132433892,-32069.8156178211,49170.3720961955,-40812.8166728501,241,98,383,234,26,125,245,264,364,174
3377.19517670002,4930.85330183028,-16346.7074198937,25522.040167783,-9791.13809629536,182,253,354,197,183,187,84,246,161,170
-39084.5787957541,-16957.6390393397,-31228.7051424733,48045.4849430374,-20481.9195970038,113,211,70,114,299,189,204,183,274,47
32580.8857855598,11947.155517778,-17807.2816817076,-26521.7359337152,-19350.3220973621,77,338,265,377,9,157,130,266,123,109
-16190.2281197828,-13936.3428997797,-9614.32887697933,2855.90885526651,-39443.8869264725,326,278,49,387,365,107,246,62,39,190
-20602.6946973516,25650.9543501944,4856.62998569636,-44856.3946433092,9382.76045642682,136,235,257,302,288,352,76,68,69,67
24631.3427703679,-8609.92513098104,-45126.1407217733,25687.5470984622,-21727.2483755242,359,318,308,214,396,59,42,310,374,329
-48966.3381656604,-765.489561506227,5273.21331789425,10197.976627551,-34477.83790605,387,385,82,87,49,242,194,371,64,70
-45155.2660746778,19474.323313261,-22518.8595162499,35716.8709122209,-49934.1332413888,371,349,29,299,204,70,345,15,183,82
16791.6121573624,47273.3885079784,-25849.8258265888,48827.7139258114,-21640.4582921619,234,364,383,241,89,125,174,264,27,354
10346.798383077,-17224.5039506593,-25685.4820593449,42948.4472425617,5081.08749795998,21,322,230,48,90,3,18,172,33,182
2610.24657955612,33780.3183078576,-34584.0550829926,-9048.50665611847,37090.2191503684,215,320,289,31,105,249,366,259,325,54
22970.9448223228,23907.2227273528,45641.6361008024,-49965.8537781861,-45774.6574667507,305,380,319,83,61,351,144,85,181,243
20725.3485315422,45417.4456379543,43566.13755166,4087.83227630433,40472.1981466327,200,179,336,17,75,117,233,303,270,379
28137.7051799277,-46807.7370496022,31871.4437208244,-29226.9378003941,-36902.5913634834,301,134,276,251,254,384,351,181,22,58
-21202.3024385829,-14313.1013817458,22826.1847822834,-28071.641181757,33372.8948123066,346,209,66,147,184,13,218,177,67,284
19253.1986386519,16265.3834287214,-32418.827172447,-17419.3737265778,30046.8374899062,31,320,266,100,215,259,262,191,282,54
5666.98349640126,-21849.8440851509,-13962.9022957546,-40405.0583392416,41788.0091998639,115,346,311,168,132,173,236,57,0,32
-10347.9207418407,-26961.6932682536,-31121.0027358395,24753.3661738303,-36269.6341554123,72,59,167,151,326,93,48,42,312,183
-43840.9332946035,21112.8551180325,-49880.1603159957,24850.8957393292,473.231755744862,34,175,271,216,86,204,126,45,44,299
28017.5531491174,12457.2916993309,-18358.0486267457,4329.94330851088,-9504.15198827027,269,185,369,11,264,9,344,84,232,161
-16241.6135947955,9060.86529196359,19961.6986397055,-16186.7683475947,-32642.7838465283,263,64,146,49,62,207,212,163,243,83
10786.5907262946,16043.7966312602,12525.518017904,33233.3661620528,7518.36124678535,1,224,170,187,231,381,192,248,316,182
24125.4049502218,-45244.5326886134,4306.21753438516,5257.21780259575,10621.7932572783,314,166,300,118,188,53,330,132,36,238
-39518.67580265,-15121.5191489941,-6096.27966123309,45754.3116962021,-28555.4259584022,91,122,211,274,70,299,183,371,114,120
-37211.1620217005,-4865.94196442568,-21257.2732517457,39283.3319318002,1993.22550564382,211,274,56,255,73,18,126,91,47,299
4954.01070151979,-25909.5002879889,165.910674669023,-14349.6382872996,48918.5809639387,168,236,238,106,361,132,54,267,393,346
-1477.05914150407,21504.5013296176,26154.6185669647,4640.18929918872,-1008.48375866055,187,197,231,227,313,1,224,334,379,248
39047.5679184438,35618.2292006288,26240.8048788714,-15331.8248745051,19487.3211187083,391,71,342,17,336,219,143,260,8,213
29896.0278812879,-21849.2304881447,7605.59014965571,12280.279065913,-8857.81726122351,84,314,112,166,300,24,290,11,384,188
23434.108369597,23105.0829723741,24766.2837641716,29662.4685308396,-46522.3259900253,171,324,7,174,38,277,372,11,264,26
-44866.8113887629,-36223.7107480484,14553.4505981322,24587.490154065,-20716.8444031465,122,293,80,113,275,158,96,87,385,247
-42711.4700901024,33672.2781749718,-37678.0481675494,-37446.376864518,30144.1737777535,328,44,60,366,30,235,333,289,178,76
-41147.254032528,-36139.828425764,439.786009276664,32239.400675902,-15349.8009436923,120,158,113,2,189,386,73,56,255,72
29835.0864113952,8820.93853894936,-15273.8687278366,-47484.9498571498,-41668.4055176128,338,202,377,92,55,130,5,58,37,243
44300.8139570703,-13384.3199545062,-40785.2315194896,-8557.11190759684,1110.63709428598,357,157,232,266,296,375,65,309,109,300
18371.5572408358,30675.9544661106,-35215.0531967481,23140.7467972937,-13316.6592147713,364,234,161,137,264,269,383,109,318,98
-36791.7044286437,378.07857761559,-30183.0298933598,28137.4000275963,23947.9504887487,162,150,114,56,255,73,20,335,34,175
22272.4539656766,-1040.56612766458,17227.0237457429,-13271.4084868631,2474.01639419948,213,12,88,290,317,286,219,297,138,273
-38964.6519357651,37704.8723385044,-6848.88170981091,24486.7856241673,30452.0877458731,203,335,206,240,156,216,81,333,350,341
-38250.7147848167,-14685.8187061044,19440.3909684554,39226.7188231107,31691.1179049531,237,223,258,2,275,343,20,341,18,350
14071.7922965926,-5055.64434282517,-24321.5436729852,-25739.661372033,-31052.8518314561,278,58,157,37,92,214,22,377,338,355
-17118.5785243197,46353.0286843427,-49024.135011484,-37040.302416246,-37630.6543135637,19,362,355,250,221,202,164,86,163,14
15381.2022595774,-45770.2202085457,3228.30710608887,-27493.2117872087,32099.6478991022,168,173,145,115,238,106,395,267,112,32
24913.1463103519,47295.8334140635,-22060.8034747035,-14998.6080999234,13789.7620011436,259,320,31,215,185,143,269,105,100,390
8318.57314548761,-31079.3156877624,44623.0153519927,-21291.5386853824,-48388.0198117785,351,103,301,254,251,305,337,380,384,368
24003.2327987778,16712.0300040075,40644.3266510002,42748.8007179428,39595.4627639733,10,139,192,179,75,348,339,379,198,303
-26517.3085252096,8643.96146789179,-10731.5424025888,-44868.6243183204,1537.50571199789,94,6,76,332,235,257,67,302,207,62
23495.7541696052,17511.2416405115,-47514.4766155128,9266.67552063866,4452.19383462468,269,125,185,282,318,109,31,369,367,105
47059.8525086615,-13897.7950805339,17143.679657246,-33710.1099782268,10644.2208248527,317,176,213,394,296,219,145,261,127,181
36693.0291751916,12027.8427071085,33717.0635377054,33840.576967303,26043.6217840179,10,135,339,179,379,192,88,348,224,111
-41376.5470136504,31115.0885100285,47149.9638311263,-33243.9069788729,35534.68718769,79,209,287,229,66,68,218,205,378,352
-13356.3383680801,-48074.2522585859,-44306.7114564752,220.061540947267,-11713.1551668238,165,59,363,373,28,167,107,189,196,48
-13080.1195669982,-41612.64917171,-4967.6187266547,49932.9479025719,-41535.0811382775,312,72,107,113,151,167,122,53,149,158
18502.8472661609,47480.166718489,8247.03017362871,-14459.2848732119,23387.3298781272,259,391,117,69,288,133,398,71,336,31
9794.16353838891,15134.9532415353,18663.7814496303,-45292.2290451166,-16801.0667375569,154,243,273,319,302,85,257,181,380,55
28936.3943641905,-26876.2183835648,21943.2752595998,-28633.9414879201,33974.9534874645,267,238,168,317,132,138,394,115,311,219
-13234.7081562123,-9650.88568754101,15004.0751925391,-10216.0875897295,-12827.6691983443,49,246,64,290,197,67,110,368,12,251
-29397.2140494805,-37797.948174787,22691.4550912652,-16633.1819619705,32821.5270033629,13,210,184,104,50,63,388,361,295,284
-41333.3452604468,-23156.1178602717,-12615.2334160018,-27039.7468031802,-32348.137103844,332,280,356,87,16,207,365,376,195,368
27193.3917099107,-24215.3829887395,8158.20832128658,43612.0177502068,-37048.0138965333,24,310,84,53,42,312,329,118,298,370
-29432.547853524,-16833.4761257371,-38388.14872206,18318.8784699983,37988.3582417879,126,162,201,41,20,56,153,367,46,47
-11172.8368952198,-34776.5987137054,-44234.5638785128,46211.3795722863,-45592.0871532303,167,107,72,142,48,91,42,59,396,359
5177.85319572275,-15199.2340283887,47976.5223975987,-6202.68223672019,18672.0018480803,297,330,339,379,267,286,209,334,88,127
-27104.67479769,-37834.1545692274,-21517.6273139382,44033.6654420907,23377.2904933592,46,386,322,47,18,158,2,56,21,150
14194.0620399187,38415.305774966,9497.42988095963,-49416.5675427629,-6282.75627553415,288,144,302,55,273,319,260,94,85,257
-1551.96276018196,-40572.1609935854,46216.103101126,11030.7030069875,-12016.1083092372,330,340,292,293,297,294,159,247,186,251
-34815.4474883733,43004.0626107489,-31422.1736591422,30107.575696612,47965.7439846574,240,128,333,203,175,249,162,335,289,40
28193.1966588002,-10098.0030965445,-30696.0184022973,-26701.8466586352,-10100.6577388371,130,266,92,377,124,265,58,338,296,232
-39939.3677637579,-45259.8537970849,-15835.5895354858,43246.8675920979,-5981.30857306324,386,122,189,47,2,153,56,196,91,113
-20593.3666241372,-15762.649683926,43289.789581808,26326.2775333742,-34319.2112455604,186,247,385,293,242,222,268,155,49,64
-26262.6980294421,23596.6158880164,-10933.2463382404,32644.9539702682,-17396.5715933581,345,183,217,349,216,354,299,27,170,211
3087.22570279284,29468.2157333805,-22678.3292000037,7346.35886048661,-18593.8071326535,253,364,125,185,269,264,250,109,90,163
-40850.1268660588,4490.58982446715,-34805.2920153156,29258.1664120226,39450.0663904255,126,150,341,175,335,156,20,366,40,114
-9468.45801194087,18622.3462984041,-10289.1157256548,-17095.8804160752,-25297.582073596,62,14,253,212,263,161,110,387,243,221
-39515.3752884243,39363.2695933602,-12527.7533048757,-27653.8023874148,-18932.0984087351,76,235,62,163,178,212,263,207,19,136
-38771.6037843973,-44520.8210080268,-36888.5292956995,-18761.3657980746,-9113.1091957829,373,356,141,196,226,148,28,201,365,32
28442.7890743913,-19633.8620282984,-6495.92821043732,8452.34785285556,20801.0894064053,33,191,188,314,112,369,283,118,238,290
-20842.9682093069,-45380.8443668452,-40848.6832787389,32991.4141021523,-35636.2404940508,72,151,107,189,48,59,142,91,141,158
10353.3438750887,-30452.3236366202,11462.6958012946,-20953.7508452732,37132.2066573022,115,132,238,145,267,173,106,346,361,104
46442.2667215901,22016.5802516526,-48902.0907709188,-9744.56079368775,-41684.410324654,355,77,26,377,92,214,362,308,232,245
-6751.5006029639,22175.3273499297,7326.03832633724,36205.7298433146,-3826.21616318687,231,187,1,111,248,182,381,228,354,160
19475.219461794,37779.9071151527,28972.9858025762,11473.95502164,-46961.0976338849,324,119,277,61,7,174,291,83,313,264
25809.9275289454,8243.29644874104,-26463.3226849131,49118.7788329793,25320.0532708854,230,252,327,358,25,99,21,33,369,3
-6735.76738528995,-42931.566461335,-5198.02865359491,-29630.1124814378,20004.2669529619,32,132,168,106,115,346,147,13,236,210
15549.8039803537,42274.4570189092,6935.8183284932,32720.9084946655,-28548.7753836009,264,119,171,324,98,170,248,26,1,364
-39024.4949276948,30037.2092351107,-43859.8557709153,17586.1618952774,17990.4685523419,34,108,44,333,271,216,366,86,126,162
43375.9848385332,-21405.3143579637,-371.111436011517,-25105.0529960192,5729.26806899287,296,138,300,317,213,127,58,314,157,145
-31253.9193578313,4366.32328413619,14231.5234585298,-2421.43734304674,35067.8902590103,287,284,341,78,256,393,66,209,20,104
-23382.1161092361,48477.623697061,-27873.4269872895,-10092.4773273208,5856.54918028856,44,86,235,271,250,215,45,333,30,76
29783.0260211597,21567.8067126621,33705.6445531881,9943.82490914121,40177.3664047563,336,379,102,88,139,339,342,10,224,135
-1239.62245660763,33896.959733,47107.5231442513,30052.2765803851,-8048.22959868149,313,334,192,227,116,1,270,233,222,187
26895.8264058869,-6673.94389920517,34637.2887693173,-39493.1228708829,-14187.1647210964,380,261,273,251,317,144,213,397,127,85
-10399.3254782125,-2937.52843934593,599.945589054827,32144.2194126392,-1101.24826205137,18,315,187,90,197,170,211,246,274,21
-22706.1205876309,6071.34110445561,-22112.4388854769,34108.6330045423,-24403.7858997809,299,211,27,345,160,204,70,349,326,90
-46276.5365929672,-23090.8456469002,24661.7221828201,-14549.3755599561,42916.9268992397,284,147,256,13,104,218,66,177,50,295
17329.4914108653,24901.8467641946,-26306.961588713,-6993.05373841665,-3324.31857895643,269,109,31,259,161,266,137,133,362,92
-7043.5540748147,388.777346048861,45734.5281619123,7223.92184126846,-24599.2149443055,159,227,286,385,64,49,116,110,334,146
-4826.07650952644,14680.966627278,12026.0036077771,20082.4730771237,-6878.15527219261,197,231,1,170,116,111,182,49,248,227
10985.7169290216,-19225.4417969059,10026.2145507628,24246.975698728,20253.0011252343,36,348,166,198,340,33,78,224,182,112
-44059.6703141723,-36127.5363921855,-32739.5498352331,25788.4150620785,-9767.01320133986,47,196,56,158,91,72,122,386,73,255
-18418.8561661134,-2442.70662024371,-40965.3261856775,-11087.1236430773,-31815.9921334312,39,226,326,93,278,62,163,130,14,355
27272.2130862935,-13754.0719181254,-24473.7797356411,-7069.75150001625,35625.1116146682,309,0,357,166,279,283,105,325,266,282
19643.2989006095,28811.3428398547,35857.053125921,45634.4657500659,8420.12245365985,111,1,139,180,135,270,10,339,316,170
-37466.781889082,28029.582084411,41106.7053397794,7297.13672704843,-12642.1217320102,227,313,205,385,304,208,194,116,334,186
-36984.8549610576,16851.2214253545,19963.3767225763,34972.2054218674,-27830.5453231602,385,222,217,371,160,208,227,275,242,96
-40764.7661280798,-36649.6140338688,22518.2355023387,-22365.4683701777,-28100.5882288166,368,376,23,280,87,64,16,365,388,148
-49217.9706430665,-47844.4112796503,-27011.3921142504,12232.361515245,2223.24430255,189,47,56,158,165,201,386,122,73,373
-7689.06148358335,5984.07058725096,7605.34563213544,8836.16846135389,-6657.72865122385,187,246,49,253,231,116,290,182,146,315
15557.3174937914,-19918.0981930511,31062.8105007939,46346.8465806992,24130.3988298553,348,36,188,340,10,258,292,139,135,339
22292.2524692024,43940.9713873458,-9615.66316159344,-41409.7305032749,-42955.0367671589,202,321,55,221,123,243,154,92,355,5
3120.92935824388,48090.3636046859,48843.9267199745,49.8891603950542,34733.3436397182,102,233,79,336,270,75,303,74,179,379
-39118.2061726955,-21337.9611105741,-41000.1185013112,2158.96764980549,17988.0234557907,226,150,56,126,47,196,73,255,373,189
13176.6373528489,30082.0286951535,-17905.8967352239,-40983.3997831036,-36334.847810142,199,123,355,221,243,92,55,163,265,338
-37350.0134670697,39611.1351432604,1140.89388191779,40466.6479690125,35840.2188578687,128,335,392,81,240,350,206,156,228,341
-36569.6695686425,9752.65768178296,-43939.3633431758,38438.893850986,-30016.5875332925,299,27,70,183,29,97,91,345,108,349
-40140.5907289002,38401.673572382,22568.7923545844,-6101.03331944098,10733.9921764212,193,229,68,235,306,378,227,206,233,76
-35797.2751568072,44373.1541195791,5655.5748561992,28172.2612917166,4304.49836543881,128,216,248,231,228,203,160,217,354,170
-33174.8701508472,4915.80874199027,2935.99024812566,-35153.4977056592,-33767.5307967497,212,263,280,332,16,110,337,62,148,163
-30375.1077743045,22838.6824594357,32998.2432033195,11981.5927260871,-49434.6931873154,242,385,304,194,193,291,110,222,227,186
-18252.0224850565,7675.82978580098,35875.9034071804,-23937.6320605579,27148.5147165409,104,66,177,287,67,140,352,218,79,152
-18357.1000853709,-47414.252891686,28902.8923313949,-5434.37885604248,26478.755625534,147,50,63,361,13,78,388,104,184,168
-28243.6690577179,-5346.90217151857,-18216.6946273772,34399.9511474936,-7893.06476381181,114,274,255,183,299,73,56,18,182,91
-24895.8153984264,14630.1957350656,-4779.25462370183,-30379.5081268748,-44318.6819026368,263,207,163,14,243,62,110,332,337,280
39292.2405285977,2120.29526724183,25222.7970049942,-19614.8377222348,8574.69952342278,219,127,138,342,317,273,88,394,261,181
20322.3224556291,-12768.7339220488,-39013.8294249314,-1670.54322657144,-32584.4755565969,59,130,95,308,232,157,278,24,359,377
5573.79427193866,43713.4666341562,-39025.7631406096,-16218.7956128976,22861.066056631,320,100,31,259,133,105,390,178,185,289
-31556.6332242347,32953.2824526515,-23011.6336295599,29848.5829521549,3429.10499410292,354,271,160,34,175,206,108,128,345,45
-28796.9157467679,34908.5479954455,2463.73453963109,48748.7575189353,-24693.5712248587,345,349,160,194,371,170,206,15,222,183
-42265.3191887323,-12746.5760100461,47265.1076977497,-34095.2445277606,41705.6748285585,184,104,66,284,209,147,295,13,287,140
41380.0410779568,9318.45752184904,21040.8685278169,-26312.0216773945,25819.4529715416,342,213,8,138,317,117,4,336,88,267
20671.5217696931,37255.2564647559,-18814.0054852467,20223.663266789,38703.0732228013,239,353,25,325,316,283,381,252,358,31
5778.89667548762,43350.1608507105,-20854.2872352273,-12452.8337302453,-43120.1828896283,14,245,202,355,161,291,199,163,26,250
-18657.1010063409,16846.4274361376,35035.7337374621,47370.4902674984,-31647.180447216,194,217,159,180,385,208,227,242,170,275
-33379.6437097849,-29322.3542064895,41164.7424007853,47230.5555688457,23707.2654586589,258,294,237,129,343,80,272,292,50,268
12249.7259279895,15385.0592062588,13927.6147276064,14369.8049421405,19671.4852649722,111,88,379,1,339,316,283,116,231,187
48793.4734952495,-42794.844877935,-24462.9702055557,36009.8876854161,27699.2905706029,3,382,33,65,298,166,279,314,112,363
-32956.7976943117,-9327.30849106362,-41133.4159967717,-9811.66019919144,190.341915374367,201,190,34,165,367,373,271,366,56,255
-24220.7749427987,16693.1533207499,33825.5587537226,13193.0797977457,-7450.31719973734,193,116,313,334,187,385,186,197,231,49
-10320.0681366856,43372.565954593,8471.86192633204,48523.663941483,11123.7130774301,381,248,170,231,206,270,240,392,25,354
-42600.5230423062,31095.0032238265,44810.8735396022,5947.74059872755,35577.1891361736,287,350,51,79,205,74,140,233,177,389
18409.6066962009,-1545.17281650096,-43897.1070807491,43359.1915842209,17079.7108980223,172,99,318,21,3,282,327,137,369,322
-9761.16673038381,25674.9210065512,8464.13033551106,22034.3206000748,2359.20447111606,187,248,170,1,197,111,381,116,354,224
48283.5201393951,-8295.2546257233,-21489.1914341358,-1596.14831876582,-20118.4589892978,9,77,124,109,377,24,84,157,214,92
-9781.60147775153,47178.5992989294,32773.2173448263,13903.109268123,20396.9078651195,270,74,200,75,303,248,116,313,51,231
12067.1947199578,48797.4701230832,-30901.3559302602,38763.6865889604,-11838.9124011118,98,364,125,383,354,161,264,241,89,174
-34563.0194520728,36414.7529031203,-5747.00377971163,-30126.3249901079,6768.49978014866,76,94,164,68,30,136,178,205,44,328
-11865.4795555528,-11111.6224087571,-10658.8493632424,-10463.372604479,38786.0955311228,393,54,115,331,20,78,361,262,177,106
-33886.6028150639,-4525.81719608882,32657.3979042765,49217.5302495305,34294.9288995289,129,223,258,343,389,350,275,268,81,2
25811.2431327419,-25331.2802361921,17687.1093438419,-9764.83830640519,39879.855583219,267,145,168,115,132,166,281,360,88,112
37111.1121915389,28442.3093024177,-29239.6965620019,15885.6481072931,43900.3091446555,220,325,327,283,358,31,105,252,100,316
-14922.3255114107,38283.7605583053,-18189.5273849737,40134.8123034512,31543.5155938747,25,335,203,381,128,156,392,354,40,216
18553.5708747537,41371.1681293018,-36618.9014643874,49538.1776517886,-49864.2171213969,89,98,245,234,396,364,125,329,308,27
-20585.136623215,5828.4923622275,17146.2889478031,15316.328109469,-49690.9302442535,208,385,49,291,372,96,194,110,93,387
3062.93038568855,9886.81027462054,7099.10754624057,-39156.3572144485,-41253.1183681249,5,144,337,212,263,319,110,202,163,123
33242.3386285184,-35112.3279662451,-33023.2933973512,-46388.5969204644,-23927.264879568,375,37,285,157,58,377,276,338,130,22
9749.01918725794,39971.3484535739,-35234.4222848263,11809.1239046974,-47720.1329359067,221,161,26,364,125,250,241,14,264,355
-16468.8669294754,-4960.64193478844,-2392.02817325437,6714.43618979955,-7591.51811941205,197,315,49,387,290,146,253,182,62,255
-20077.4976666893,-29432.7660536037,40810.241650695,46196.4657805326,-15893.5031090771,294,159,343,80,293,292,268,258,275,340
-4740.7458430676,39965.0990509081,5217.50267158348,24610.5469418888,4135.39333077044,231,381,170,228,354,187,1,270,111,206
-7735.43467795376,26258.5539373227,-46706.0107250123,16251.6098435082,42616.9082583073,289,325,100,366,282,156,367,40,175,240
-14039.3682027764,38248.6307400298,-44613.7073564444,2331.33184120095,-20150.055294076,45,161,86,271,362,364,178,245,34,253
5831.91998692972,-21504.9781975179,30506.3228558902,-24010.5718515603,-16191.5206148718,181,146,368,297,330,127,134,254,103,67
24254.5365701939,17322.5986452258,-4862.51452965519,46199.3766916173,35948.010720679,358,25,172,353,220,316,381,327,111,283
-7566.52163743093,16427.9904418051,-11735.3770440041,4020.40375135201,-15952.1689234567,62,161,163,197,246,90,387,187,49,14
-7064.4211423795,-37718.5006100474,28964.3703689691,-46972.9836580231,-36187.9596949914,337,134,368,251,276,103,23,195,376,280
-37512.7241280187,-9268.15769431871,-13571.3130500206,19631.4463411127,779.895535260279,73,56,211,114,315,18,246,274,126,47
-47556.5983949626,-22471.304868431,3234.99349989104,1971.61579208781,35665.647689169,284,184,177,147,78,341,361,20,236,50
-20981.4734869273,21666.9740639142,21165.6705981267,-44096.9444335516,-11568.6382117386,94,144,378,67,319,207,263,136,110,302
-18247.9417100774,-21661.5618371064,37147.6517995847,39003.6233228213,19569.0926828769,223,343,292,294,237,36,129,275,198,50
15369.0133966475,39619.8856849495,-17131.0388327771,-16979.7757485979,12790.4177790549,133,31,320,185,215,143,269,105,100,266
45693.5924070684,32657.889231356,15011.8025397777,-27029.880212888,-4961.18456480745,71,391,273,321,117,55,397,213,9,342
43573.087278488,-10997.3487186002,47483.6148002758,-38605.1358004811,-2638.20579011155,181,394,138,380,213,317,273,4,397,219
-4211.36661456332,-209.705703581341,-42403.2638705864,-18907.7286546394,44970.6353503532,0,367,60,309,54,289,105,366,236,100
-25952.1603167915,19480.5192672494,8701.91670827718,-27156.7677864263,-41650.2438210669,212,207,110,163,243,62,14,257,280,164
26389.7944286478,33436.9001099938,-8611.35022266399,15199.7167217003,-22017.1079999787,344,26,35,174,109,161,11,125,324,364
25932.7383131096,10962.9689675732,-19086.3573533733,-43383.9875401673,-5299.26906652957,338,92,266,157,302,58,55,123,130,77
24064.8064978614,7473.7160856408,-23616.5958473205,-22456.8620139083,8757.12639953134,105,265,185,157,31,269,92,357,109,296
24368.8341487326,-17395.7829077209,25876.6265080204,-21817.9762439133,37763.4138414522,145,238,168,317,219,115,311,213,132,152
-39407.9583267235,-4357.53991482531,49521.5981129752,38006.6259726056,-3089.94797709808,343,275,80,247,258,223,227,159,294,334
18156.0430470316,21379.5583233135,-31342.8555858631,-5566.96413007654,-6258.15242982793,185,109,137,161,31,266,362,125,259,92
-3673.94214062808,38440.5045275995,28114.5268534764,25591.4120907961,24618.4939974845,233,75,303,74,248,381,231,224,228,51
-28783.6794745066,22085.5670816932,-30420.2018973268,10329.6375815348,-3208.95341922539,34,216,44,86,45,354,108,175,250,253
-40148.1262311892,-48138.7225273614,49235.8973179927,28326.5937404036,36082.7351057875,50,223,80,294,292,258,210,129,63,237
32357.4473927839,17477.6467128286,30226.1569764289,-38606.9361321574,-3348.79876185127,85,181,260,213,4,71,144,397,317,380
-32499.026261792,-6149.11757634872,-7577.32900966939,47856.3885159978,-189.551287729075,114,211,18,2,182,255,73,113,56,275
-33643.0090215007,-6217.982083373,22886.3868051374,34859.6675479549,-1256.93455845546,343,268,182,274,258,129,227,194,385,2
16598.7216411111,-38296.3180494342,-164.641747644833,-44935.3502329457,-27053.1225251983,58,22,37,28,244,254,103,337,278,301
39438.9375354243,31468.1689518582,30899.0267199045,-3379.81662093641,-41444.7767590943,324,171,7,61,119,11,305,344,83,5
1655.82083512704,-17514.4561369491,-14349.1066518954,-17434.6725051966,-43261.6686391093,22,130,93,37,58,384,214,337,190,5
20270.2306950475,-25377.1885765359,-42675.6565510193,13020.512499975,38839.0934804578,41,309,191,0,363,325,65,282,166,367
-34640.96233806,-15728.677887672,9099.14552748493,-26970.0836222326,-26683.231433034,87,368,332,207,148,64,195,16,146,337
45345.7069886248,-12430.7859990412,41018.7830728141,7988.4973281289,36159.5759984367,339,88,360,10,238,179,139,394,267,379
4088.40812414765,4655.37930829589,-30623.406383339,10315.6320439897,21173.5093007919,367,325,283,31,137,369,105,54,20,289
17973.3898210467,6192.01542659767,-6763.22084656024,9987.90958328571,37281.2993042854,358,325,224,54,282,166,40,191,369,331
-46343.6981951547,-10417.7771375999,24915.9729068009,-5157.21196160847,43800.200691963,184,177,256,287,66,104,147,50,218,361
30920.3851293793,-10186.9120468664,-46081.5513352417,-46457.6539317212,-36031.07214525,37,377,244,130,157,123,375,338,355,58
24861.8871776197,1536.72192115724,44632.4989805483,1381.48350382765,-10609.9855148997,339,297,127,379,186,213,88,330,85,116
-37981.2982012919,15753.0542095911,26367.3323663761,-9226.9838227363,48056.2829715054,177,284,229,209,66,79,140,184,350,352
2504.51647626088,45091.5198264959,5882.05505095603,-39195.3963384441,14479.4025985376,154,69,143,94,302,259,352,235,390,133
-17416.6371236751,22234.8514327498,-31615.7055534225,-4012.43710576861,39640.9779453934,366,100,249,54,262,44,367,282,60,30
4644.94399030685,-9992.02546376624,-205.118498105308,-4911.72463241696,-1776.95945632015,12,246,197,146,127,78,315,118,253,49
-10111.9247616801,33187.133932981,1784.56002340507,5114.03358044188,-48590.6924810977,14,372,242,221,163,253,208,263,62,110
-8490.66133869534,-36566.1658271292,49424.301064405,30540.4317007998,12288.0344434795,294,258,340,155,36,223,247,330,50,343
-31926.2239745206,-43953.3228060172,35485.1683090675,20085.0072786061,-26890.4636888865,120,159,80,247,294,155,122,312,195,64
-24461.3259511949,-41575.294768534,46240.3939711971,37223.5503921598,2743.3962776634,292,80,247,223,258,343,293,155,340,272
-47946.4225341815,-33610.1681670292,17894.1008977033,-44780.7847571099,22499.1961357239,13,388,323,147,66,184,104,6,218,67
42367.5612620407,-17578.0079705951,-9649.86111956393,-28031.8688594654,10741.5791144935,176,138,157,266,357,52,317,300,124,191
15369.9889008253,-19827.3222795353,43497.9086178052,-4035.79898886335,8836.64457952507,330,152,286,339,127,251,360,379,394,155
43261.3572048564,-48831.900886966,-2051.54543675185,45853.359612901,-6656.5159966942,53,370,382,225,149,3,33,118,314,42
-33648.7631472474,3990.50938496253,-26820.8388336883,29004.5356979438,-25582.7106492975,183,70,204,211,160,345,27,91,82,114
42109.7255892197,-40462.7307372178,-10370.9751490225,-4812.53909574991,-7103.96462219925,314,112,176,382,118,232,296,166,384,124
29465.7885388753,-35348.5143557768,20507.7475112789,-16657.1813539134,-48982.2544478223,103,134,384,22,351,5,276,251,58,278
7739.41967066487,13114.1207014955,5855.90345605501,-44090.4687319919,10882.144904436,144,94,311,154,288,12,265,317,273,352
-5996.44042397464,35932.0411428785,25663.0700894368,24090.5302893588,45797.5188197358,75,270,74,81,233,51,392,353,200,102
-24238.6263287562,47422.1631238713,49548.1058555258,679.452405550248,-40455.3476450399,208,313,193,61,83,227,171,180,110,291
25194.639386745,7083.84274721835,46243.1404366634,-30007.4586860645,-46440.9436619852,351,380,101,5,181,83,61,277,7,85
-27133.0517894499,49685.0214574949,3506.71052561569,-7280.64488987119,38623.5111325751,30,69,205,128,79,352,235,287,333,233
-43581.2912608101,5354.15734955326,46387.0129971714,-33130.9721287729,-25305.8634942503,347,378,64,257,67,110,280,207,368,263
26732.9510776574,1545.84548403258,-38437.4120818741,25169.4590854687,-49108.4943746663,359,396,329,95,310,214,42,24,372,26
17120.2185356535,-16931.7934009733,-44855.1706769795,-13164.91583712,31492.0271448039,0,191,357,279,57,262,367,105,282,266
21521.251478584,-6999.82016066036,-19565.1054363427,44181.7795239884,-35950.0563451233,396,329,42,308,24,149,359,84,95,372
14206.0828433852,-819.374639625523,8019.18331427124,-48282.7459089283,37986.6440284003,346,302,106,317,267,352,145,219,168,8
-8095.17063751169,-42896.2916087047,3096.44523382815,32905.5908778801,-40462.3213909475,142,107,72,384,53,149,122,365,293,93
-10923.7917795825,38773.9215532716,40120.8092653144,12659.0974955276,-14743.989875136,180,227,116,193,304,233,334,187,231,186
31614.0102875323,-43536.6408949132,4055.04251702443,3874.65151572192,9342.05677874913,112,300,166,118,176,188,382,238,360,132
-18257.213634415,-6381.50442685516,-6801.93891433173,15050.7635380061,8518.16384785925,246,20,255,182,18,78,73,197,211,56
31453.9772900651,32662.9506618892,4266.69874363416,22662.9532306514,16768.1764184503,224,381,111,358,353,369,220,252,1,88
28907.3514938958,-10546.5315766967,21241.4805789522,-40551.1436079422,14802.7115055705,138,213,145,219,267,181,127,311,176,273
35226.3890343846,11347.4881705262,-48332.5287059768,37757.393430766,-6663.09326614081,95,230,125,137,383,3,172,369,359,109
563.661757175614,31864.0735082209,30092.0882057848,-48563.7856054014,-36024.1240900742,83,144,101,243,257,61,85,154,263,305
13566.1388861377,38623.5039062607,-35749.0675076209,-20569.7373153763,25192.9507975084,215,100,31,259,133,105,390,185,266,269
45089.4415378135,43111.1627487221,-2152.55270971369,-32008.512149576,-25821.3206412781,55,260,199,344,77,92,397,202,154,9
-5603.58449811897,-30921.5351990878,-24316.4645820366,42629.426819795,15045.9322478062,46,99,21,153,386,18,48,363,47,56
-43998.1180220524,-24141.7748581228,-13090.8311175139,-43181.9563172965,35737.4060834467,295,6,32,346,13,66,104,173,236,184
36674.9896999319,39786.5684840299,16176.4913365414,8109.32275784915,-41562.9528954851,277,171,119,26,344,264,174,11,35,7
13118.8734269011,9336.1860386109,-33039.1186545686,13715.1222525225,47208.9161712842,282,283,249,239,40,220,54,100,105,191
-14492.6348121151,384.00818468479,-22121.5979560981,15126.9264764942,-46854.0064440884,93,39,372,183,14,299,107,329,190,387
49700.3271606648,11280.9588835559,-30177.8205486161,36462.2012533553,33540.4550444859,172,239,358,252,33,369,230,3,220,325
-27582.8501016873,31942.2242231876,-30492.8466715739,-44404.7470592979,33571.3348170861,121,30,235,352,390,60,366,289,94,136
15245.1072968615,3188.91694929257,-17316.0351650024,31685.517377385,-45014.2498654407,396,372,310,308,359,24,326,84,90,26
10499.0641908259,-29792.4903451568,38033.78603792,2892.24663284286,4588.62088908298,297,152,155,340,360,36,251,292,286,188
-11275.4568516865,-4610.65343194781,-2889.81349842515,19435.0560622442,44316.9839655479,20,40,341,361,236,54,283,81,177,315
-35781.2840709496,-7208.90801798292,-9603.06278290589,-28759.5103718166,-17852.6930130011,280,148,207,87,6,136,62,76,387,212
-47486.5014289797,46605.2749611999,-32076.8523576553,4327.99462498511,30646.6803793334,44,175,156,128,30,178,366,289,34,306
-7888.77462347587,12005.5054133474,46892.4996147292,20252.0272153464,10139.8755252809,227,116,180,379,339,343,270,1,313,186
-31589.9710572489,19538.9951918003,-9254.42621973798,45643.4557260469,28962.0465123038,203,240,128,81,126,341,216,40,162,25
22577.5267469453,22016.4612017979,34448.7396483448,-5545.78371265286,29918.5035044316,179,379,88,342,117,339,102,398,224,219
-12963.7313484802,-15310.4809712386,11532.5097130849,-41460.2169187355,-45043.5234421789,243,254,280,207,16,368,212,110,278,263
34156.0087468206,1699.04205253102,-12338.8921967263,-44265.9852458743,-21680.1366159054,92,265,123,58,377,55,157,397,77,130
23422.9691193313,5669.46320121019,37718.1749337097,12945.0486099479,15345.6823979965,379,88,139,224,336,286,179,297,348,334
7102.58728243789,-34350.4780885955,28485.2427283024,29617.9066498458,-1034.46546715289,36,292,330,155,188,198,53,258,247,294
-32314.4942374697,6205.60455617748,-3504.57166854657,19119.1332858143,47285.2237010803,331,20,40,81,177,162,335,128,126,350
45738.4022595723,19480.3289108456,31397.6926820934,-15469.2137784834,24848.9909977082,219,117,391,213,336,71,8,17,88,179
-23467.796380708,-7354.44642897625,39844.413718012,44681.6667161595,6784.11497388073,258,268,275,223,237,247,334,294,129,292
42458.0895239601,33627.0420676314,-7076.14568851727,2019.03182114772,-20103.5836542803,264,26,35,9,109,11,77,324,321,185
-27622.9595302959,23138.7066161933,-16567.058037778,45381.3025197927,-24389.0218938162,160,349,183,217,27,299,371,204,97,216
-12643.6192357355,-13996.8957914228,9664.71044452463,-42640.43641918,38656.3794411547,104,311,106,352,168,66,13,115,236,393
-41249.9650423414,-4578.76281466014,40199.0808706562,-29296.8051926926,-5319.91372171995,307,67,64,368,378,280,257,66,209,146
14011.6548246715,-11361.0101407828,20206.6449359676,27502.7813981967,31598.7253296207,188,198,36,10,224,339,88,358,379,139
-31938.3112246892,27555.4642250536,-12254.4897929135,41418.7821243774,-40166.2698255362,345,371,97,217,160,15,183,27,299,29
-45494.8892526426,23427.1105685939,23495.5925430014,28255.06477103,35959.3453475272,389,203,81,51,229,128,74,341,237,177
22317.3479183095,-6972.21549258444,45410.2786471214,-20446.5803835124,-47237.0991838825,305,134,380,5,7,301,181,251,101,286
-15256.235441821,19375.2574133913,4281.31131035511,-34815.4277685515,39915.6434256364,69,94,393,346,54,30,66,209,311,302
16061.6824502904,44521.348716846,4010.58323593658,34791.0522313782,39993.5500526176,381,220,25,252,316,392,303,270,75,358
-11613.1398928029,28423.2598231741,-18889.0360395998,28485.459109315,2410.60096173629,216,160,364,248,231,381,271,170,90,240
12734.6502443467,20557.1858131069,-42876.5428075416,-22916.8497848683,-37980.0487352865,362,202,130,221,169,92,269,214,190,14
-47835.0185369693,-39066.5760475654,-31801.9532830978,-27218.9295183866,-32220.5908177721,148,165,373,332,365,28,376,87,280,16
41056.9988523028,-11006.9342843515,-40701.1073129322,-17897.6782911049,20610.7594508614,124,309,191,266,296,0,157,105,57,52
30055.8656278811,9090.47304053364,-3651.07522377568,32956.1804399167,33135.9756387049,252,283,172,33,25,369,316,327,224,348
24584.7484342721,-4061.99520336746,-49066.7487972231,32218.2194600976,-46516.6179432271,308,396,95,310,329,42,214,318,59,24
31311.2813610761,-44966.0013261046,41502.591173579,7068.28504818783,25783.8710385932,330,297,281,238,112,314,394,152,267,145
-11669.3681374471,-27131.2415979779,14274.1739133104,7182.96362288475,45711.2178001164,115,331,78,210,147,236,20,168,50,188
11727.9232316449,33418.90610569,-49858.0941797597,-21398.172750062,-15712.9485003152,355,43,269,185,250,161,131,137,215,221
7549.48597028139,-48435.5307303473,-46961.4727505082,19913.3559301209,13824.3709424706,48,65,279,141,322,41,382,46,374,99
3005.17047650156,36371.0865055866,-29152.977669468,29625.7943281577,-15699.4188029675,234,125,161,354,98,27,90,264,250,160
-22493.0244178065,-42193.0946967566,-4503.38549979028,-5841.09438487772,-28352.8603817459,93,87,148,368,28,384,195,280,72,278
-25137.104033803,16904.2590081555,-37273.3966674867,-5378.43883087784,28620.0627030545,289,44,367,60,175,249,100,262,34,271
-4836.12295480273,21.1324281102352,-49135.231212191,-3433.75916348894,22308.9959545472,282,262,366,309,0,289,105,226,249,325
-27228.7173973452,-28200.6201249846,22707.9601148527,-22096.0812725385,-22116.1095212543,195,280,64,87,146,67,376,251,23,365
30444.958361307,7161.57254040891,-14588.3533943414,17537.5318416595,8243.14287044801,109,33,358,166,316,283,90,282,84,137
48610.424189597,-37781.084907658,28044.5946096025,40366.452636354,-7899.42186317199,298,118,340,149,53,198,314,33,360,112
-47000.804973061,17116.6232988653,-6334.33583647088,40852.5898848375,-40793.1293245632,349,97,345,194,217,160,299,70,113,183
3566.41906672377,9958.55481228139,-6344.52176277318,24719.6944130713,-47597.2674993251,329,326,291,396,242,310,14,93,90,119
-41292.2780099108,-44402.3842612209,-45078.6819643514,-23948.8492916454,-885.41959886346,165,356,141,226,201,196,32,28,148,189
30209.1440555804,-44365.6981456643,-45036.809848061,18963.7840074109,-22173.2979848121,382,42,59,95,65,48,214,363,24,300
48914.490970034,-34749.936299753,-40889.9824586946,-36816.9334524488,-16024.2835848935,244,157,377,285,124,37,52,296,300,58
-43305.374160225,-48037.8933234416,9403.70314441212,-37649.9167680199,-21265.0390484924,195,388,368,23,280,148,87,365,16,356
43939.8361884535,-6482.44543030482,-25891.5944830978,-30909.7146755509,-32909.6764750522,338,77,92,157,285,123,130,37,58,232
-48182.2466363304,33222.1475282818,34136.9101972144,-35426.7900503709,-10073.6685718571,257,307,68,205,347,193,235,94,140,263
18383.8613746355,11739.0171454084,35721.2764090605,8504.36152687155,19764.9568457898,339,88,336,224,179,139,116,334,286,152
28373.6480083219,2012.9415310742,46361.2200951355,-42663.8309919533,-29632.3562870985,181,305,101,351,261,273,85,144,397,251
3413.75678827283,36386.8222933611,-1110.02138393961,32232.6222185306,16632.648848951,248,25,228,231,111,353,170,354,240,316
38535.9450931142,-40230.2081838557,-27968.9899431367,22290.2973268465,-5693.39105917269,374,65,300,3,298,42,225,53,314,48
39900.489890614,40805.2203186769,-27379.1359158714,42585.8038017486,-6670.47344243037,98,234,125,89,318,264,35,364,316,369
12593.7626080496,-39198.3305863241,3678.78045128258,-736.140153821885,-32476.0557605405,22,301,278,118,365,24,84,312,59,93
-36213.1007587442,1699.67580969449,26210.9709211147,15488.2898449669,-30679.768823961,96,194,242,49,208,64,159,227,387,193
-28219.8406287875,-35684.3977916424,-15243.2849551241,39012.3477961687,11642.1331646761,153,46,18,158,47,322,56,2,114,274
-31785.8924109566,5937.05724030039,-3876.82406085008,3852.55744690212,-23098.9392126613,62,82,49,96,246,253,93,87,197,385
-45818.0136027046,-49542.0376052677,13932.3762199356,-21779.4835441778,5967.79316159077,376,295,147,63,195,368,210,13,87,173
-39305.8341449793,26668.1998621487,41733.6040866845,47595.7517879964,44478.3991754306,51,350,74,237,75,81,229,203,303,392
11644.3485085685,34870.9226458282,-33842.7426109669,-46357.448447452,21447.1635748948,320,215,259,105,43,133,31,328,265,100
43966.1010161067,41682.1270253738,21563.5404167473,-17375.5426939688,17921.9655394007,117,71,17,342,260,143,8,219,336,398
-14554.4269032671,48696.8274783658,7773.88761924093,47301.362389282,45938.0581307086,203,81,240,303,75,353,228,74,270,381
-8937.0909940486,513.310179882254,-6670.10227908811,-13496.7374694253,27533.4311958987,236,54,12,78,69,352,177,20,290,315
48434.9416984452,-22857.8375582485,38424.2782631094,-19085.0381104083,10772.6966322105,138,261,213,145,317,297,267,281,176,219
44557.9189035263,-39924.9488078764,-10694.8244623087,-37908.7615419372,44800.2359333351,52,132,57,145,296,106,168,176,238,191
17664.4678433539,784.88308295366,-32102.4847372268,41576.570404079,-44035.8376414634,310,329,308,359,95,372,42,27,24,241
48830.2262313286,8560.91257018784,13333.3580320122,-36452.1794318498,-23128.7654757206,55,338,260,273,9,181,77,5,92,321
26683.1387216594,26288.7095910741,12400.0554312344,-16788.2108171659,48668.0043980283,336,8,143,219,179,117,342,69,391,283
