1000,2,10
0.0909616879242212,0.944908646327276,677,824,334,190,821,94,43,941,912,477
0.564268825273198,0.49044221513849,75,397,888,715,335,170,784,87,838,439
0.187382889148607,0.437946559772269,924,927,211,734,971,178,458,920,926,296
0.531689585894733,0.772655572388859,612,218,571,46,393,53,834,914,987,233
0.355033321773383,0.744066567298336,732,78,776,864,204,259,412,639,796,357
0.314783504755494,0.442904067510999,488,933,841,56,210,804,160,616,644,626
0.726741468842694,0.0530000525100436,132,512,309,576,831,90,325,637,41,733
0.515772858133538,0.0878218441574162,346,731,394,869,604,833,262,278,995,51
0.790644897912478,0.797985957677618,182,974,342,558,105,545,638,832,959,719
0.204492581358956,0.655582372961194,300,632,28,205,692,598,981,878,788,128
0.678106077559796,0.0323355534464184,903,643,512,576,831,907,6,24,522,266
0.0524855426380236,0.557066829681192,680,67,590,599,929,164,72,81,641,432
0.801172362362499,0.719801554892191,982,658,498,329,895,719,368,935,559,832
0.678568638819314,0.110408048956958,983,781,938,637,856,77,364,104,272,682
0.946008945084062,0.216647376280279,748,816,310,970,444,617,932,885,940,760
0.0915581428748301,0.811020215616459,978,54,798,176,186,436,168,197,510,785
0.908438370578178,0.138661882869267,139,191,678,55,614,675,108,578,162,966
0.509953037053204,0.881899200733092,469,381,709,154,765,308,768,851,136,747
0.614903565140055,0.923556061690306,514,58,742,318,747,95,823,851,660,543
0.31607120088596,0.0127555628361417,298,260,452,416,860,964,625,153,292,424
0.0774874815154217,0.377159253042995,496,144,686,662,873,504,698,460,150,363
0.850614066003707,0.167811688977599,151,326,675,787,578,653,421,320,291,966
0.144526906948512,0.54022279574486,591,897,925,729,167,553,257,599,478,942
0.370485792654012,0.10166243492783,898,418,569,241,803,693,336,29,789,577
0.622391433081251,0.0392677458897454,522,907,180,820,643,636,198,266,546,476
0.99755190243137,0.933229111773545,998,790,606,456,894,939,842,135,120,234
0.517344133245693,0.971591882864217,315,330,660,141,466,103,381,154,95,742
0.990511215150315,0.360928020047589,948,597,161,655,595,252,744,531,351,681
0.226534462555839,0.644205403766746,300,9,981,598,632,205,98,692,942,878
0.398005186420214,0.0679473020936823,577,336,378,418,96,23,693,898,231,843
0.69656868951164,0.207911996415632,243,428,354,682,145,133,943,867,955,272
0.0646407594535227,0.0396038467757357,353,422,230,944,565,518,455,708,265,931
0.747661582378364,0.469359313223853,596,433,264,301,588,111,165,668,347,905
0.420400431232813,0.150096722662633,858,819,795,366,693,248,887,799,843,74
0.811317420238023,0.99130692118419,442,736,535,419,464,331,121,700,82,863
0.379605285770611,0.427062347759695,996,626,605,728,210,615,717,739,593,313
0.319067820216784,0.955372102971021,697,213,405,256,143,619,629,147,267,664
0.986051066726614,0.724247033520084,158,84,928,609,793,245,868,404,188,483
0.718180905209727,0.580891712363774,251,409,323,220,720,173,449,919,85,93
0.413183358569897,0.54025790742078,391,808,294,519,852,407,379,92,673,696
0.0986302372429138,0.705441191564081,848,79,620,623,977,287,886,989,102,146
0.73455912516641,0.00502888330112106,576,512,903,132,340,6,733,530,247,10
0.637306290353483,0.782515778836242,780,370,610,328,501,914,339,814,817,608
0.0738418767360661,0.926859573385509,0,677,821,824,94,390,485,334,552,190
0.120508166401978,0.00829565739263971,714,265,518,422,583,222,565,134,353,657
0.981596208916383,0.824628342666394,755,369,564,303,960,986,609,842,135,62
0.496799421779149,0.76733586802788,53,571,233,670,612,3,218,915,946,987
0.0224136544401531,0.997136895348686,283,613,794,552,332,485,390,912,821,334
0.0538315489695107,0.227653072058219,302,771,130,827,114,172,544,417,945,293
0.140873797601841,0.919542206194465,209,891,477,710,94,961,536,190,824,757
0.893474311740186,0.64199930552178,389,839,382,166,954,542,526,372,649,242
0.465820073116048,0.105320182975915,231,843,123,731,96,346,278,795,248,604
0.560856738133542,0.268160913711683,427,343,889,207,253,523,645,511,415,285
0.494456347383399,0.763843764539584,46,233,571,670,612,3,915,218,689,946
0.0677854884858151,0.805510155575541,978,15,186,168,197,510,798,176,436,287
0.897646542373691,0.104252997601917,678,108,162,614,191,139,966,16,421,149
0.288565308881261,0.469758776292843,933,616,804,5,118,488,646,841,196,89
0.269046814753517,0.219061890891174,214,849,152,993,892,752,470,521,548,113
0.594194175430363,0.922707906542724,18,742,514,747,660,95,851,765,543,318
0.475879024056308,0.320322632016148,321,584,217,240,100,900,448,547,253,125
0.368311038073403,0.857543808780781,377,250,976,652,797,738,350,299,538,107
0.6556110904965,0.259846667655122,509,648,722,846,109,475,69,30,502,865
0.938200405804263,0.878062942706618,135,842,120,456,894,812,701,960,712,369
0.620425185783994,0.188267616829231,837,133,999,69,475,770,388,621,272,856
0.282840091614325,0.759193837349818,112,181,275,117,607,704,554,640,528,568
0.205181251932987,0.0316893001122069,555,222,424,134,396,110,657,153,763,583
0.439134081593786,0.642339157082965,721,282,524,237,398,192,550,122,492,148
0.0272502196608165,0.566870912760646,680,11,164,590,929,641,599,81,72,232
0.876184335960346,0.376409545450067,270,758,818,413,219,273,440,238,592,349
0.610092246274455,0.212548379439868,999,475,63,133,388,343,837,511,770,61
0.203592380287419,0.792156839532589,570,806,871,316,157,877,640,723,785,908
0.519916824790401,0.145443480124611,278,950,869,179,123,346,394,7,731,621
0.0538243021501204,0.489142450390656,81,392,875,99,929,257,680,11,460,167
0.862187431116878,0.0128457468737627,527,749,650,962,453,735,431,951,149,358
0.442934666053869,0.186612024812195,887,799,819,858,248,33,484,366,968,795
0.548009157335658,0.48523045694977,1,784,87,715,957,439,888,335,397,601
0.566860831789241,0.838226076700295,385,281,507,136,543,817,768,726,814,328
0.680394991214306,0.14105696859946,781,272,682,856,13,983,627,364,637,938
0.371378578093092,0.73221698741175,864,776,4,732,639,796,259,412,204,357
0.078228709185685,0.691066915983427,848,623,886,40,620,287,956,102,146,977
0.456350723650029,0.0344926197846326,618,604,859,378,699,577,231,96,995,336
0.0478438001602993,0.48885726360846,72,875,392,929,99,680,257,11,698,460
0.73825699202679,0.971390410156509,284,327,880,464,535,465,863,442,782,990
0.0380015353959609,0.112451379350698,984,201,931,445,949,293,944,508,411,708
0.954244324359415,0.743213774200817,928,245,868,158,609,37,532,870,483,303
0.742372334463615,0.638541371339421,753,93,97,480,220,845,580,251,895,718
0.937449567040729,0.594182912969943,224,372,382,649,140,839,631,362,542,954
0.513363986157654,0.49862251273625,784,957,601,438,276,764,866,75,715,386
0.240904799077728,0.567852659287788,387,365,98,472,981,805,792,942,729,196
0.259965278716868,0.426504251336355,972,178,734,804,644,933,119,56,479,160
0.758974161342075,0.07623944235383,325,132,309,408,6,184,733,530,876,194
0.993342763841508,0.290586653457929,127,252,468,932,617,655,595,970,948,27
0.356705749924566,0.561335047322794,696,384,913,294,268,402,691,862,407,106
0.75285784110301,0.63333346832172,753,85,220,251,480,97,580,845,718,985
0.110048497112667,0.930775859048123,824,477,190,677,891,710,0,334,49,536
0.597045229614403,0.977769157702234,514,58,18,660,742,315,26,747,318,880
0.430595200320603,0.0935965460059537,231,843,795,336,51,29,577,418,378,693
0.73071801732159,0.661734944417943,480,845,580,85,753,825,93,895,410,220
0.261176170571255,0.602772899485439,88,805,981,106,28,387,300,425,716,365
0.0948076815835639,0.473817863220927,392,257,460,72,674,167,698,81,211,897
0.450963489291171,0.356256342496277,321,547,59,900,125,474,217,360,203,461
0.640074510267742,0.47557844163322,400,659,835,922,221,170,665,306,844,724
0.132038817368816,0.671022018283348,146,956,878,205,788,40,692,848,79,989
0.452822429824052,0.959645196993795,466,141,330,26,154,315,505,107,826,381
0.652199598948144,0.0890842655064104,938,983,13,266,476,856,546,637,907,781
0.826998331558064,0.797742459847051,342,558,974,182,628,959,8,719,545,658
0.308076908420212,0.590775746140886,805,913,384,691,862,402,98,425,696,92
0.402363579005054,0.912196754252076,826,533,505,738,250,377,267,629,60,664
0.884231316046448,0.101129318887619,614,55,162,966,678,421,191,139,149,578
0.700579510055142,0.293294642967131,865,846,434,509,867,648,467,969,502,61
0.241872295147587,0.0515882053839337,153,424,65,711,396,625,416,555,965,663
0.759831815719588,0.504128180597837,668,896,295,685,433,905,588,347,32,582
0.29092573719343,0.768375751898677,64,181,275,704,607,117,204,640,554,528
0.277438718955492,0.282985376214109,352,548,882,661,322,521,993,447,774,752
0.00610780302659897,0.225360245794357,771,172,130,48,544,302,411,827,293,949
0.374711141145558,0.331289642625589,375,401,517,236,587,185,739,717,774,727
0.436932780731988,0.453251351408243,254,313,380,461,593,996,348,360,386,513
0.304298468841678,0.7373846381813,181,528,64,259,112,204,357,554,275,704
0.290860330609039,0.509885654703147,616,56,196,387,268,646,472,841,365,805
0.242516308885001,0.382514191853397,972,156,479,927,644,89,734,178,525,802
0.936683610022334,0.905483216847227,894,456,812,135,62,842,701,939,790,25
0.860190240827037,0.965257748969727,331,736,419,700,936,34,442,701,561,535
0.397228260437835,0.628267352552455,148,963,286,721,258,600,282,524,66,786
0.479419104358615,0.132031170054907,278,51,248,346,869,71,843,731,231,858
0.56499609309486,0.618301778328654,761,745,341,223,359,159,443,775,575,556
0.489619389546545,0.383020104064703,547,203,900,474,360,348,246,217,100,461
0.269811632673816,0.991193747568799,619,143,314,405,36,383,918,847,809,697
0.989740142062215,0.286827284759212,91,468,252,932,617,655,970,595,948,635
0.183675696266124,0.706191429589364,788,667,878,632,994,205,9,598,989,102
0.861656724924023,0.535205897505445,737,850,539,399,706,175,317,140,193,500
0.0326325721064562,0.193211038592101,172,771,48,114,293,411,201,302,949,495
0.331958019586653,0.689435100924171,357,259,772,776,716,425,786,117,528,639
0.748746995782957,0.0504550031686729,6,90,325,733,530,309,512,576,41,831
0.644366458181644,0.184434115699354,837,63,770,475,69,272,999,682,856,77
0.169237962651665,0.0456583234773829,657,583,222,65,763,555,265,406,714,44
0.952205100722434,0.885041502041251,842,62,456,894,120,812,369,701,790,25
0.543270235392249,0.839794385798114,768,76,385,308,281,543,507,851,765,393
0.251413476155819,0.118155245153682,235,663,711,965,923,549,625,651,271,153
0.578572309853611,0.410414853697837,690,540,602,624,800,844,529,724,269,206
0.915476599033373,0.12022858999065,191,678,16,55,614,108,162,966,421,675
0.895596526144395,0.572092522260723,706,175,649,850,399,86,954,129,539,317
0.482506617380039,0.949390134629152,466,330,103,26,315,154,381,660,469,17
0.442739977763735,0.25638515979688,437,968,741,240,448,573,767,703,884,285
0.311754952248308,0.989865435151316,619,36,126,405,147,697,213,664,256,629
0.0553137719816675,0.349808041044371,686,873,662,20,363,150,504,945,496,337
0.753791773408712,0.20852237389343,354,243,428,943,955,487,633,867,30,320
0.131947479760919,0.665827160044803,102,956,878,205,692,788,40,848,79,478
0.355922119083384,0.97334470672087,664,213,36,697,629,143,267,256,533,405
0.395870964014701,0.622699821538518,122,286,963,258,721,600,282,524,66,402
0.885521227489635,0.0635378925573686,951,162,453,108,947,55,650,953,966,614
0.0212395486219491,0.373509533241305,662,504,686,144,807,496,20,873,363,698
0.844080719207746,0.166251535436548,21,326,787,675,578,320,291,653,421,966
0.288070643822235,0.231278078105778,214,892,57,470,849,993,548,752,423,113
0.250342882536472,0.0522086332938522,110,424,625,711,416,65,396,965,663,555
0.488379635024966,0.901756316713514,381,469,17,709,141,466,765,505,308,103
0.729036115345013,0.793291699901326,638,687,311,586,371,832,501,435,187,8
0.202616096163795,0.373014324844645,927,971,163,430,274,296,119,525,802,458
0.216276205436509,0.832054705376542,723,871,289,908,877,654,70,570,520,806
0.97633451477942,0.753834556589773,609,928,84,245,37,564,868,303,532,45
0.593235792436551,0.621863097261786,775,575,556,761,585,225,124,341,745,676
0.304403578093467,0.394093180849151,479,644,5,185,488,933,89,626,728,119
0.967702883195329,0.359277961450212,597,595,655,27,948,252,744,531,351,273
0.895969830651651,0.0888524608922825,55,108,678,614,149,191,966,139,421,951
0.19002547679228,0.341677003639647,274,525,156,802,430,910,754,551,695,971
0.0017993238791566,0.548670594067366,929,67,680,11,590,81,72,875,641,599
0.711763763315268,0.460547461088786,306,32,433,596,588,221,905,400,705,301
0.867726788909873,0.64545237343559,389,526,50,954,368,839,382,649,542,228
0.118307909837995,0.513520841267514,257,897,591,22,99,392,553,599,925,729
0.0390229767276427,0.814426468563278,186,54,978,197,510,15,215,176,798,679
0.598194525429778,0.0971832059869966,476,546,574,541,198,266,833,621,104,909
0.604313505631328,0.463713560645511,844,835,800,922,101,724,665,1,540,397
0.516432410448888,0.589817489604743,446,359,773,223,861,443,745,811,934,489
0.00750740409328399,0.187172070539839,130,114,411,771,949,201,293,48,83,302
0.688933363588118,0.611330146637951,725,220,720,38,251,323,676,973,845,85
0.946020375394758,0.051941981368346,344,813,356,324,630,420,666,801,431,149
0.873536456464217,0.575726948453721,706,399,850,140,649,317,539,954,129,557
0.113276452523982,0.842344701828773,436,978,15,457,671,304,537,536,54,186
0.35456934119252,0.499725973621345,288,407,379,519,841,268,294,210,616,92
0.241936830626701,0.439024887659214,734,972,89,804,646,644,2,56,933,119
0.560333309840618,0.149057083245688,950,621,541,388,71,869,394,278,770,169
0.612727107549884,0.0282794508957929,820,636,24,522,907,198,643,266,546,909
0.300809090660725,0.756669787984348,112,64,117,275,704,204,528,554,607,259
0.798141714195157,0.79610623594284,8,974,342,558,105,545,959,832,719,638
0.795641626726704,0.29355559441744,497,199,672,783,633,226,361,482,249,975
0.781092265910387,0.115206746018031,471,291,562,876,408,90,325,320,787,194
0.3510984324146,0.375091630987986,728,717,739,517,236,626,115,160,401,615
0.054297353899977,0.82889374505677,168,978,54,15,197,176,510,215,679,798
0.708704616979225,0.841776581954761,441,311,371,560,244,688,756,501,155,743
0.992928441303996,0.665238451557799,793,836,202,631,362,404,37,483,242,542
0.162476485189887,0.960139975886254,757,961,307,534,710,899,937,209,49,477
0.113566338672047,0.943117892210703,824,94,477,710,677,334,891,0,941,49
0.912875425886543,0.112699492380728,678,139,55,16,614,162,108,966,421,149
0.481656980372555,0.648287449225586,550,489,492,506,200,398,66,934,917,861
0.851805952008354,0.48080405167944,212,890,319,277,737,500,129,582,347,730
0.809913803104205,0.0665206919491224,980,876,992,988,325,429,953,947,530,735
0.18675954426984,0.897771225532002,499,713,255,750,229,828,937,209,537,494
0.247199856745663,0.497230128936991,646,472,792,365,118,769,56,387,804,616
0.0541888413672694,0.771303428858631,510,54,287,168,620,15,186,798,978,886
0.608961456453878,0.0603622294239692,546,266,476,522,907,24,574,820,180,636
0.77723242923451,0.262457464904029,633,672,183,943,361,867,354,355,145,497
0.511064089112722,0.651069368702479,934,917,489,192,443,506,280,550,492,493
0.0277500884482718,0.133603910449774,949,83,411,293,984,445,931,172,130,508
0.990385281566876,0.638545736824786,836,188,631,362,793,224,404,372,542,86
0.500939923753605,0.384943094967874,125,547,900,246,474,263,217,348,360,513
0.331997486961156,0.7656981256747,732,4,181,275,117,704,112,538,412,259
0.173883139944506,0.652915682156136,692,9,300,878,632,788,146,102,28,128
0.625636394848839,0.381489065282516,902,529,779,566,624,724,800,690,665,269
0.575134832806326,0.300018582740438,889,415,52,253,343,427,269,722,584,523
0.750985384525444,0.340139555506767,967,702,434,969,467,865,226,183,312,109
0.153518799776586,0.918926536712417,49,961,891,477,757,710,937,195,750,189
0.356787196602359,0.456266813303239,841,35,488,288,177,5,379,626,519,996
0.143950800246145,0.442496952598123,674,924,2,920,458,926,460,99,296,553
0.850607655245249,0.454185819615522,193,890,277,463,319,730,500,758,737,347
0.33786974030834,0.94528200918664,697,629,36,267,256,664,147,405,738,414
0.275196492845342,0.219118952550175,57,849,152,892,993,470,752,548,521,423
0.00601097311711618,0.882402795931734,679,186,168,43,552,485,978,613,390,821
0.801911968617498,0.0198754228247094,358,247,340,530,733,735,194,980,325,992
0.497408284738571,0.34176488323731,900,584,59,321,547,125,203,100,253,240
0.537842841324121,0.766027445694415,612,3,571,393,834,46,53,914,486,814
0.870912524621325,0.342803701519393,440,818,592,669,270,273,68,482,758,238
0.722843568666448,0.618806404154405,251,85,93,173,753,38,845,97,480,725
0.668085931674845,0.453021162091896,306,400,101,922,835,665,165,659,724,800
0.178827792303708,0.0101626026279142,555,65,134,657,583,396,424,714,44,265
0.550495354874599,0.599081167470487,359,446,124,745,761,443,171,773,341,934
0.959875078687972,0.601568348358472,86,372,202,631,362,836,382,503,839,542
0.596021671986299,0.649417450961366,585,575,159,775,341,451,656,761,124,556
0.808570708752387,0.342720632582221,482,497,238,349,183,440,592,208,270,219
0.984532354863445,0.493299255574885,603,426,930,572,503,491,694,681,991,351
0.885924447669938,0.70177394525353,952,935,532,707,822,872,870,242,483,526
0.213837003113112,0.88780260142949,828,255,499,473,713,195,494,490,289,750
0.0346300613124667,0.0550578461561846,944,31,931,353,984,83,565,708,893,422
0.451123791403174,0.0983619505457304,51,843,96,795,731,123,248,604,336,346
0.0137945567780947,0.649782785472762,641,590,886,79,623,848,67,287,11,40
0.473710749132909,0.764070891236327,670,53,46,689,915,571,853,946,987,612
0.951197090728795,0.98795894159784,939,790,606,998,936,25,701,894,120,331
0.248952278705433,0.125324791415593,137,663,923,711,549,965,651,271,625,881
0.386422800554417,0.3644771752026,517,739,717,115,615,185,728,375,605,626
0.431433376426054,0.676230090282253,524,282,398,66,721,786,600,963,192,639
0.83088648474904,0.375758171217492,349,463,758,270,226,482,440,68,219,592
0.824646819632836,0.863458491467109,545,791,959,740,561,810,558,395,854,342
0.452998612301112,0.291976750986029,437,59,448,142,321,741,968,584,100,217
0.380560169947678,0.133474990584297,693,803,23,366,33,898,795,569,789,418
0.925868542840634,0.672650514427429,822,707,542,483,404,362,952,631,372,839
0.740843627451167,0.202584980871927,428,145,354,955,487,943,30,867,633,627
0.737633073422826,0.868515198201092,338,560,756,395,782,688,187,990,854,743
0.946915999012028,0.751157321899609,928,84,868,609,158,870,532,37,911,303
0.510099705432381,0.419379649992969,263,513,684,439,203,348,125,380,360,474
0.791879184896751,0.000231065199416736,340,358,216,530,733,41,735,132,194,527
0.452173502329059,0.149463732367703,858,33,819,123,887,795,843,74,51,799
0.849198707548984,0.273834301544268,975,783,345,906,361,355,672,497,183,592
0.390430829462498,0.87242501896288,60,377,976,652,107,505,738,826,797,533
0.738376511506287,0.601251143911812,220,38,93,85,753,985,173,97,845,720
0.976438557351852,0.321188452831265,655,595,91,468,127,161,948,27,597,635
0.52329905821511,0.284293074456312,584,645,523,285,52,889,448,427,884,207
0.429915301709775,0.435315805784207,116,593,461,996,605,313,380,360,348,615
0.207158082586558,0.903759051181981,713,229,499,828,195,494,473,490,937,918
0.323401379477045,0.925105644987009,697,267,213,629,414,36,405,350,738,647
0.11087021836011,0.505292452205831,167,897,99,392,591,22,553,72,599,81
0.375210054242112,0.62758180927003,286,963,148,122,600,862,402,721,691,282
0.329903979134036,0.71926392682241,357,131,117,776,732,4,78,528,204,181
0.342105172194619,0.0239128813596552,19,298,452,860,964,292,416,577,29,378
0.817118851307114,0.5749325019969,557,317,539,985,399,901,850,175,129,737
0.531685314237565,0.0465344640640383,995,699,859,833,909,604,7,394,840,574
0.521122048508881,0.422531388268483,246,439,684,513,203,348,125,380,602,386
0.77430970898665,0.467734261291993,301,347,596,32,433,730,582,111,668,295
0.120262770779979,0.0226279867559067,714,44,518,583,422,565,353,657,134,455
0.625450151917525,0.0650740424646463,476,198,546,522,907,24,643,104,180,820
0.346648685550547,0.923956335725144,629,213,256,738,697,414,533,36,664,350
0.334619385839875,0.53414286394427,92,407,177,294,288,379,118,384,696,913
0.574616563380975,0.366796468997375,624,602,690,138,529,540,206,415,902,779
0.863937641058782,0.363946179540744,68,219,440,818,758,592,238,349,273,669
0.198563072170653,0.151373665826451,651,450,881,923,290,563,622,459,663,857
0.672450963697648,0.149608598632666,77,682,781,856,13,983,837,133,770,627
0.901831370980072,0.350802091637144,818,669,219,68,270,297,440,592,413,595
0.199157181618953,0.335966095668561,163,525,802,754,551,695,156,567,910,830
0.298284149829983,0.784027846268716,704,112,181,64,607,204,299,640,117,520
0.496520270263375,0.486739211626018,601,957,866,386,87,784,438,684,764,513
0.88990423168468,0.464798012873766,500,579,991,212,193,694,778,890,413,737
0.501414589868598,0.13125255159679,869,123,71,346,731,51,7,950,248,394
0.276995239103975,0.886391470888295,367,647,581,403,305,414,829,350,473,611
0.53395817866685,0.674557425628767,493,917,200,374,934,762,506,341,443,745
0.574249553785642,0.835159638023036,385,76,507,817,726,814,543,136,328,768
0.412804401721059,0.656487934875432,524,721,237,600,963,66,122,148,786,286
0.0147636628050427,0.983916976496475,613,47,552,485,794,390,332,821,912,43
0.702764803428255,0.979789871891285,880,327,82,465,318,743,338,782,464,535
0.506747151486991,0.250153013597979,645,884,523,767,448,253,427,741,52,968
0.38126609842696,0.62457070354219,258,148,122,963,600,721,402,862,282,691
0.0649315348738551,0.728242423153538,620,886,623,848,79,40,510,197,977,989
0.358579960661015,0.498170315267308,177,379,407,519,841,294,210,268,616,313
0.234251242532243,0.849828294959274,723,157,654,520,828,229,871,367,581,305
0.20350405288897,0.190918203621887,563,450,881,651,271,857,751,459,923,622
0.81377958316422,0.124143787222168,471,787,184,876,988,562,429,578,326,320
0.393434593593473,0.00279042132911189,964,860,378,260,577,29,80,336,298,618
0.0535751708614938,0.152952789981843,201,445,495,83,130,411,508,949,172,984
0.375051578272469,0.534160824643418,407,92,519,379,39,288,177,268,696,384
0.774994177417674,0.510633605136478,111,668,896,685,582,347,264,433,319,905
0.165297620870777,0.38521587987977,971,458,430,926,920,156,927,163,924,2
0.912218897036659,0.310596453716413,635,669,273,818,468,219,592,595,440,655
0.319205781809233,0.00355544745321035,19,260,452,860,416,964,292,625,424,153
0.329779668283949,0.815242445313671,538,611,704,275,204,305,60,412,581,112
0.204235670095109,0.638418458166358,9,28,981,205,692,632,942,598,878,788
0.767214736379813,0.448339380701919,264,596,730,32,883,433,347,312,111,165
0.0699731489528251,0.244085770261907,827,48,771,945,417,130,114,544,777,454
0.950033948013614,0.803385085996905,960,986,45,755,609,759,564,911,928,245
0.158209784906886,0.823970887228072,671,877,457,908,436,785,537,806,176,570
0.286445866401004,0.852190649398636,581,611,647,520,279,367,654,350,289,414
0.68712911473695,0.467251755433503,221,165,400,705,659,101,588,433,905,922
0.141149823637791,0.97069897317612,189,534,899,710,941,190,477,757,961,334
0.512086650483433,0.841244015022289,768,136,987,946,17,709,642,469,76,571
0.721326927294165,0.0785482063545127,831,637,6,364,408,90,132,512,325,13
0.928845135619855,0.237598887672087,816,970,748,14,617,932,885,635,653,468
0.73210385001626,0.817570881268703,638,155,371,187,586,687,501,244,832,441
0.749848020738123,0.405828714806259,883,967,301,702,596,730,32,208,264,165
0.407319603105505,0.466312220637624,116,254,996,519,35,379,210,605,593,288
0.239491695587883,0.951536218081585,918,809,847,490,829,494,403,383,473,126
0.520850475083039,0.965005305843558,26,330,660,141,466,381,103,154,742,95
0.219077360108904,0.765284866775821,70,994,570,640,568,806,871,607,554,667
0.842387903898747,0.574533590173997,557,539,399,261,175,850,706,129,737,140
0.662932909051294,0.915925025450221,743,18,465,514,688,327,756,560,823,880
0.816235285166455,0.49543240879036,582,347,890,193,737,295,264,212,730,111
0.793877600102571,0.166012377080293,562,787,471,326,487,291,955,151,184,428
0.469105203551762,0.325997669971674,59,217,100,584,240,900,547,448,125,203
0.309524979334574,0.296436106009726,882,774,352,113,447,727,548,401,661,152
0.687579247513742,0.558298491530906,449,720,409,919,38,516,705,904,746,173
0.986852223389968,0.0674768030510901,666,813,344,174,420,801,630,356,333,191
0.769933875855542,0.0689778462108583,90,132,733,530,194,876,6,184,309,408
0.829580846725193,0.166784582313363,151,787,21,320,291,675,578,562,471,421
0.706084765450312,0.947438262628722,880,284,465,82,318,743,338,782,756,688
0.595336418647749,0.811088417621082,814,817,507,726,339,281,914,385,393,634
0.752874120082542,0.710455692980488,498,895,580,982,480,435,12,97,410,832
0.496722203825239,0.970245561677518,26,315,141,466,103,660,381,154,469,17
0.865132654012061,0.998426789341871,936,121,736,34,442,419,535,700,701,234
0.0680276941294123,0.987454806749042,794,912,390,821,485,552,334,941,47,0
0.968545940212993,0.150086578018891,760,940,444,139,16,191,666,14,678,885
0.0987563119710001,0.958478804453122,941,0,824,677,190,912,821,94,710,477
0.546977086455275,0.53045904923442,715,811,888,764,773,438,784,1,397,75
0.402969908979534,0.0740865173899161,29,577,418,378,96,23,693,231,843,795
0.107040155400183,0.311820903915726,815,363,873,454,945,777,910,827,144,958
0.724166170480622,0.895170779995606,756,465,782,560,688,743,244,990,395,854
0.613682347960576,0.834768311582722,634,726,817,328,507,823,814,281,385,855
0.782968192518063,0.00234875567974879,247,358,216,733,530,41,132,325,194,735
0.566620582441644,0.64020984616491,761,124,745,225,159,443,775,359,934,575
0.811319158706923,0.803182575087435,558,182,974,105,8,959,545,628,719,239
0.57677586024099,0.245130755184197,52,427,511,999,69,475,889,523,207,645
0.944029193841664,0.0641222317658926,174,813,356,324,666,162,678,191,149,420
0.871452148941678,0.263148319353776,975,906,249,783,355,361,635,672,297,310
0.507602207944769,0.102720361262892,7,869,731,278,394,604,123,51,833,71
0.788823165012461,0.483719024833911,582,264,319,295,111,668,730,890,301,32
0.4730306408997,0.41888446265122,360,380,474,461,513,246,125,547,684,203
0.828801698488441,0.381289008027337,238,463,758,270,226,68,482,440,219,592
0.322481588061953,0.886765115012407,414,647,256,377,267,279,581,611,305,629
0.976146535227356,0.420557514837392,681,531,744,597,603,991,27,161,778,579
0.278211040263144,0.283847869017151,113,548,882,661,322,521,447,993,774,752
0.0728308048124289,0.0481811440107028,31,565,944,422,518,230,455,708,265,714
0.751223605872008,0.219165982554382,145,243,943,428,633,867,955,199,487,30
0.831188620534169,0.23917601408698,361,672,906,975,249,345,783,199,633,183
0.922338093331131,0.02925848703723,431,174,344,453,630,962,149,813,420,650
0.327024293370015,0.702310918358637,131,259,776,117,772,528,4,732,716,78
0.804069262570712,0.00763555477239597,216,247,340,530,733,735,527,73,194,749
0.538250333300567,0.610920680279354,745,223,443,124,934,171,446,761,341,773
0.463294879079307,0.408089537451172,474,461,348,380,547,125,513,593,254,203
0.82075025085467,0.248946674813356,672,355,249,975,906,199,783,183,345,633
0.951906506191454,0.652459724145901,631,542,372,404,242,836,822,202,707,188
0.076272889439772,0.320277088369962,873,945,337,144,686,815,20,827,454,662
0.708671064187825,0.103672124495835,637,309,831,13,408,627,781,77,938,682
0.234926443836988,0.535564894512648,472,792,387,88,196,769,646,118,729,805
0.398895557719012,0.164870242477034,819,33,858,241,799,693,484,887,979,795
0.268124426906609,0.883438702353724,279,647,581,403,305,473,829,289,809,611
0.832513316595536,0.666457012048093,526,916,559,166,718,901,935,982,389,12
0.995373810346204,0.847742491914359,755,45,842,564,135,303,456,62,960,894
0.64975098275464,0.762661063721127,780,610,42,608,462,501,586,373,371,435
0.703952831044269,0.807013774619851,501,586,155,311,187,687,638,441,780,610
0.932303197968757,0.632952443655251,382,542,839,631,362,86,50,242,224,822
0.687652548069517,0.710427307863708,410,462,608,825,435,610,921,845,370,97
0.568353918669942,0.688663539117781,762,486,493,280,451,834,917,225,341,656
0.380847529289527,0.320947861137131,115,401,587,517,236,703,727,774,185,739
0.634579484810422,0.531648494500774,904,838,746,659,516,397,449,101,400,323
0.363228621093965,0.873193957609839,60,250,738,350,976,414,533,652,267,826
0.407619444945905,0.0545396739097971,577,29,336,418,96,80,964,292,860,618
0.368699723575791,0.500400775515181,519,288,407,177,294,841,210,268,313,39
0.468398760390358,0.432763214528361,348,513,461,360,474,116,254,684,386,246
0.503413843283962,0.904282491633212,154,469,17,709,765,141,466,660,851,315
0.91053578239871,0.630183351426678,839,50,372,542,389,954,649,86,242,166
0.206431022073808,0.983036222076956,847,534,314,757,918,189,937,490,899,961
0.338603675277383,0.585200339522547,913,402,691,696,862,92,106,805,268,258
0.574125621988357,0.840636517595249,281,76,507,543,817,726,136,814,328,768
0.486932439429646,0.468813780579663,276,601,866,684,513,957,87,380,784,439
0.262218985690441,0.545222329693841,365,88,472,805,118,792,196,98,106,616
0.579593462953119,0.17910412094158,621,179,999,63,950,511,69,770,541,475
0.878327698975432,0.634461696770441,166,50,954,839,526,382,649,542,372,368
0.0609502223844922,0.96295877536838,485,821,552,794,912,332,0,334,43,677
0.440876468930202,0.534013751451731,808,39,852,673,997,866,874,294,438,519
0.0842580013374562,0.479614252288398,99,72,257,81,167,460,698,674,875,897
0.563237615425729,0.793666083025936,914,814,328,218,3,612,507,817,281,76
0.53931058029157,0.0927137188642948,833,7,869,346,731,262,574,604,278,995
0.768057900271301,0.880799542861342,854,990,782,244,791,863,338,545,756,239
0.233090272198938,0.00387353551348724,424,555,65,110,153,222,134,657,19,298
0.587361742486469,0.511529092199426,888,838,1,335,715,75,170,376,904,101
0.45897386682236,0.678463634320796,237,506,192,66,524,282,915,550,689,489
0.860981521803687,0.565747646843948,850,175,539,706,317,129,140,557,261,649
0.660836094448244,0.478458646745197,101,659,221,306,835,705,922,665,165,170
0.353879166108453,0.320512844148039,115,375,774,587,517,322,727,185,236,882
0.347186297893882,0.601579798458235,691,862,913,384,696,258,106,286,92,425
0.253718102314479,0.913152742372502,829,809,473,367,494,279,490,918,314,229
0.952528145373397,0.68251781671711,483,822,707,242,362,631,542,188,836,532
0.298200989823935,0.946733471115376,36,697,619,256,213,143,629,414,126,267
0.158406077778295,0.0990890086376651,763,657,622,583,134,455,271,459,565,508
0.361297056727092,0.511028924158354,379,288,177,519,294,268,841,92,210,39
0.741629092882824,0.11012834018281,364,627,309,90,184,637,325,471,831,487
0.705900010029432,0.545261877330557,919,449,323,705,38,720,905,588,896,685
0.700892172871074,0.688785898972834,825,373,845,97,480,921,462,580,608,329
0.00622578741150148,0.147416988338171,949,201,172,83,293,130,984,931,445,114
0.374345601275841,0.77756103760802,538,732,4,796,481,594,204,864,78,797
0.901495619292659,0.39905123310678,778,68,758,273,270,531,818,579,991,744
0.318344828077252,0.898299948178677,350,647,256,267,279,629,697,213,377,367
0.597082923214809,0.30704387392557,207,889,52,722,648,502,269,343,509,779
0.297795182472319,0.0610511462357189,625,452,153,19,965,110,711,260,569,298
0.125014381285728,0.219471144449904,857,827,751,459,766,302,777,454,48,495
0.388355668657057,0.0828329370324061,336,29,577,23,378,96,898,693,241,569
0.817687743973866,0.950395335131906,736,700,464,442,535,34,121,863,561,791
0.981175704243327,0.0163706608566853,801,630,813,174,324,356,344,666,431,962
0.861989835287155,0.114668433182841,966,578,614,108,429,953,55,988,947,162
0.083820882096006,0.0124099459694967,518,31,44,353,714,265,565,230,944,455
0.337711990337124,0.216227329276232,470,892,979,683,152,727,214,484,703,849
0.236129166372143,0.011427528814081,396,65,555,110,153,222,134,416,19,657
0.317805387932171,0.64244926558009,716,772,862,691,131,402,106,258,913,357
0.98444840547435,0.516990939531608,227,503,572,930,603,491,694,991,224,681
0.548250891256417,0.245542144387298,523,52,343,645,511,285,253,884,889,767
0.749251259354427,0.193747340053374,243,145,955,354,487,943,562,320,30,627
0.841851734724089,0.0908705781480208,953,988,947,992,980,966,421,876,951,194
0.166889706987028,0.368441665384023,296,971,458,926,920,163,156,274,927,910
0.903097609289584,0.00779291063747434,962,356,453,749,73,527,650,149,630,174
0.105124127822219,0.602701319215812,478,599,590,956,146,11,641,102,22,942
0.745093096440724,0.478854744051061,32,596,588,111,668,264,905,896,301,165
0.729371937837905,0.308117688829788,865,109,208,969,467,867,702,846,967,199
0.717469602110285,0.744444447627629,687,832,586,373,610,329,155,462,608,410
0.133431767732035,0.839349277568775,176,457,671,304,537,877,908,15,978,750
0.445788999516268,0.262431920229879,142,741,968,240,448,573,767,884,285,703
0.50878723121457,0.514238061322073,957,87,784,764,601,276,866,715,811,673
0.530490290818691,0.4467741275926,263,684,246,75,513,386,276,601,784,87
0.85971704358549,0.341211145567738,592,219,270,818,669,482,68,273,238,497
0.677724910719689,0.839141805139886,855,187,501,371,823,688,560,756,743,311
0.805838258794752,0.982492501505978,535,34,736,419,464,121,700,331,82,863
0.531242869458582,0.626464501073332,934,745,359,200,223,124,341,917,489,761
0.955895838613192,0.181275170605328,760,940,333,14,748,885,816,310,16,970
0.0666769445993232,0.123017016857453,508,83,293,708,201,495,984,931,944,455
0.54151802744995,0.579968709639967,773,223,171,359,811,124,745,443,335,761
0.281660343494637,0.328535803427897,882,322,352,113,479,661,551,774,695,548
0.480900336365515,0.26818637266786,741,285,437,767,240,884,142,645,968,253
0.684863781348805,0.550239103808507,323,409,720,919,705,516,38,904,746,376
0.208258388796748,0.180516896172902,881,290,563,651,271,857,923,459,549,751
0.608160988594066,0.678491869414882,656,225,585,374,762,486,973,921,575,341
0.326176172376762,0.0556884902568199,416,260,19,625,569,898,298,23,860,418
0.880847202361808,0.0340571844812154,650,73,527,149,962,951,431,749,735,356
0.133394613360925,0.286518454768013,777,958,337,766,910,815,879,827,945,363
0.102407789887338,0.0773900470329255,565,708,508,353,583,518,944,31,265,445
0.959116903133932,0.900572290255528,894,842,135,120,62,812,790,25,939,701
0.152901999674792,0.846605947069211,671,537,436,304,908,877,750,176,195,499
0.152538081095451,0.395698472582128,926,920,296,971,430,211,927,924,674,2
0.155552588056628,0.169215265314684,857,622,271,290,563,450,651,417,881,495
0.089569402926861,0.43045231333246,698,674,496,99,392,20,211,920,807,72
0.454424561403129,0.41621813688281,360,474,348,380,254,593,513,116,547,125
0.668895692810288,0.728763483255897,608,373,610,370,435,410,780,825,921,42
0.831301681950567,0.406473678914791,349,238,758,212,730,270,68,890,883,226
0.790235136913713,0.95180745705255,419,535,442,863,736,34,700,82,990,854
0.712710917791988,0.911985020914832,338,743,756,688,782,560,327,990,318,244
0.472597505041781,0.95141431651076,141,103,330,26,315,154,381,469,505,660
0.708588152395748,0.346001202788865,969,702,967,208,434,865,109,502,846,779
0.958059481020265,0.290244208783556,127,617,91,252,635,932,970,655,297,595
0.505775562297944,0.886700762839575,17,381,154,709,765,308,851,768,136,747
0.305053115317479,0.210030796707028,892,152,849,214,423,57,993,979,548,752
0.789811183801969,0.130876547760118,184,562,291,320,787,876,408,326,487,988
0.236386963587832,0.520515887325233,365,792,196,387,646,769,88,118,553,616
0.234302833273045,0.905462749730804,829,403,494,809,229,255,490,828,918,713
0.464699398608742,0.402530235597016,360,461,348,547,380,125,203,513,593,254
0.619386801215951,0.215761252172513,69,999,63,133,837,343,388,61,511,770
0.615329400167534,0.0787394832466347,546,266,198,169,574,522,907,104,24,938
0.12262390155605,0.933059861765135,891,710,94,190,824,49,677,0,209,334
0.123793528327212,0.602871560972297,432,599,956,942,692,146,22,591,729,590
0.284458991295818,0.377492173215029,160,644,119,447,89,972,185,734,933,5
0.735732806826117,0.664931441200008,97,845,580,85,753,895,93,825,410,498
0.411308102983038,0.792190264444163,594,797,412,796,652,853,976,538,864,233
0.828981892712714,0.333492129876999,226,497,440,592,238,219,783,270,349,183
0.935114116049739,0.6926588643338,707,822,404,242,952,532,542,868,362,631
0.399066658162043,0.203815677165533,799,366,979,887,819,74,683,573,33,703
0.0522113801305755,0.958713595889891,552,390,821,794,912,332,43,0,283,334
0.571186102238472,0.711832456405164,762,374,834,493,451,280,917,656,218,914
0.747669975681756,0.166906592124375,955,428,627,243,562,145,320,354,471,408
0.320243558104215,0.442777173122209,5,933,841,210,56,160,626,616,804,644
0.492934318642196,0.632993568362347,550,492,192,200,934,861,443,506,171,917
0.221652754475949,0.929967171592209,494,918,847,809,473,314,829,255,713,937
0.939273742656297,0.529330969397888,572,694,930,426,503,227,500,140,603,86
0.482305289358003,0.626474423948033,550,489,192,861,200,934,874,66,443,171
0.539996086873947,0.680818922727965,280,917,762,374,200,486,934,341,834,506
0.221057099703633,0.923197523158096,490,918,473,809,255,829,713,847,937,314
0.0959450018211512,0.152834142252458,445,293,508,622,459,708,83,201,417,857
0.0601654164594785,0.405720793714528,504,698,20,662,460,807,150,686,144,674
0.819508874942269,0.312475998842778,482,183,226,783,592,249,440,975,672,219
0.771478304726038,0.693898958369993,895,982,329,580,12,480,718,559,97,916
0.195695731019737,0.890687873398548,195,255,229,713,828,750,494,473,937,537
0.895118154553158,0.4906709662866,694,277,193,579,991,129,212,737,491,930
0.684300146224145,0.805823509416861,371,586,441,780,187,155,855,311,610,42
0.656846481247616,0.326438909311377,846,779,648,509,722,109,467,969,865,415
0.990381201487953,0.549879145125724,426,572,491,227,224,930,86,603,202,694
0.0336917931210119,0.388784334890571,662,150,496,807,686,144,20,698,460,873
0.424253270424153,0.896829007264381,107,826,250,533,738,976,709,154,377,652
0.489983672806254,0.676120081005331,192,398,200,917,489,280,550,493,492,934
0.583504470467278,0.828396948330795,281,817,385,726,76,814,328,339,634,543
0.0832697475812942,0.110088847733172,708,445,455,495,83,565,293,944,984,201
0.660154629977784,0.279227334556401,648,722,61,846,109,502,865,415,867,434
0.0523052207703927,0.767636165697467,197,54,287,168,620,15,798,186,886,978
0.556830534131996,0.216056596066409,427,343,388,523,999,645,52,69,884,950
0.712025249134944,0.0340621281717747,576,6,10,903,41,132,831,309,637,733
0.487910625260071,0.436551897742306,684,380,348,246,386,263,360,461,474,439
0.617600645905979,0.936863710408633,18,58,95,318,742,747,660,823,880,851
0.213777574762031,0.262088962808782,521,879,752,567,830,751,754,661,766,695
0.645658662061356,0.569745499842289,746,904,676,720,376,323,449,556,838,173
0.380642291284627,0.359553044905957,236,739,717,115,185,375,615,728,401,626
0.103712840186889,0.0268386289622559,265,714,422,44,565,353,31,583,455,657
0.377511518762747,0.500419192257721,379,288,407,177,294,313,210,841,39,268
0.262860807508653,0.827014907580009,654,305,289,581,611,640,607,157,871,723
0.241285612653001,0.258982420521299,752,993,515,548,661,113,830,352,567,57
0.622924050374514,0.0458850066372709,907,24,266,198,180,820,643,636,546,476
0.52292776215755,0.246471604097961,645,285,884,427,767,253,52,511,448,343
0.413237746494176,0.660732144629048,282,237,721,600,66,963,122,786,148,286
0.217792035525866,0.329409691116965,802,551,274,695,567,163,830,754,156,661
0.858553617120829,0.659496247567225,166,368,389,50,954,935,228,916,559,839
0.861008253299634,0.0130041242672279,73,749,650,962,453,735,431,951,149,358
0.283939011564831,0.718067856677326,117,554,64,181,568,357,259,112,131,598
0.615392848945124,0.391118812134764,206,902,566,724,624,690,800,779,138,540
0.779489501843974,0.0335052596625038,733,216,340,132,247,358,325,194,90,41
0.954847311419425,0.406015402500669,744,351,681,778,597,161,413,991,579,27
0.919603246226261,0.716307636801179,952,868,483,707,870,822,228,84,242,245
0.384815703553521,0.921336414781853,826,738,107,629,267,505,250,664,213,377
0.162643016406274,0.984015743254487,899,189,307,757,383,961,710,941,937,847
0.796751419775717,0.983420872823396,442,34,736,464,419,82,700,121,863,331
0.113817179634133,0.896306092986061,891,94,49,477,824,677,209,190,710,43
0.158824298675419,0.865703209612899,750,457,671,908,436,304,877,195,499,176
0.355828116252427,0.800960972217418,299,412,204,797,652,594,481,732,4,60
0.847758564395726,0.554978851487549,399,850,317,129,557,737,175,706,261,140
0.582781196988989,0.418872147516562,138,690,602,844,800,724,624,529,170,665
0.586177665240051,0.127122506592021,621,169,179,770,388,950,574,476,833,394
0.925837988949836,0.654620743083901,242,372,822,362,839,631,382,707,50,404
0.575078267707539,0.863964912060124,851,385,76,281,747,765,507,136,726,742
0.00997739496020689,0.274598434868982,771,114,48,945,302,827,363,130,172,144
0.809377285817869,0.840163937389387,959,239,558,342,182,105,8,791,974,395
0.608808359591158,0.0707552442693478,476,198,266,574,169,522,907,24,909,820
0.479913680376225,0.378792075061979,125,203,900,474,360,100,348,217,461,246
0.268440158291067,0.26816943383197,113,352,661,993,521,752,152,882,57,214
0.2580963839959,0.152921178784748,235,923,137,663,651,965,881,849,711,450
0.481009535929008,0.63099957992261,492,489,192,861,200,66,934,506,874,443
0.227341483977128,0.316374816239219,695,802,525,830,567,754,274,661,163,447
0.0486022982418921,0.959111852529902,485,390,821,794,912,332,43,283,0,47
0.169241814542259,0.498673989242012,769,897,22,591,925,167,792,729,257,924
0.25844630775063,0.73860851672542,568,64,528,607,112,640,117,994,181,316
0.197910057556161,0.0127556688922719,222,65,396,424,134,657,110,153,583,763
0.605693064183021,0.605353188516464,775,575,159,676,585,761,124,225,746,973
0.82370364537992,0.576451321456248,261,317,539,399,985,850,175,901,129,706
0.810614962671604,0.807378820903335,342,182,105,974,8,959,545,628,719,239
0.802237016029933,0.654968061518584,916,718,901,368,895,982,498,753,93,580
0.708113376406747,0.878228395135494,756,688,743,338,244,465,187,782,441,990
0.859377854303028,0.902372925442161,810,740,700,701,239,812,791,712,121,419
0.781084518001382,0.152232856672578,320,471,487,184,787,955,291,326,428,627
0.203796851047344,0.192580086806526,290,450,881,651,271,857,751,459,923,752
0.993343249930919,0.790975648641478,45,755,609,158,303,928,369,245,84,37
0.0936245282198501,0.0607051042239655,455,353,708,518,31,944,265,422,508,583
0.650618543907727,0.389827192453456,902,206,779,529,665,724,922,800,835,502
0.215176526117364,0.299965854261437,830,695,754,551,802,525,661,515,274,879
0.24387310214232,0.734179906575914,554,994,316,667,528,64,607,640,598,112
0.339687805074701,0.104209253757311,898,789,23,803,241,452,418,625,416,693
0.197862340505416,0.792575487554153,70,806,871,316,877,157,785,723,304,908
0.506833376635886,0.782728942751883,46,53,3,612,987,218,946,233,670,642
0.95075798274589,0.532397693218747,491,426,930,503,694,227,603,86,140,500
0.394607218303451,0.253352341821251,703,683,587,142,484,727,437,968,423,375
0.584464840318106,0.070954585011654,546,909,198,169,476,833,266,522,636,820
0.606537245952291,0.62580333117104,775,159,585,556,225,761,973,676,124,341
0.714642867087912,0.0246814701289989,512,41,6,903,10,132,831,309,733,530
0.401536353789315,0.0620424925095289,29,378,336,418,96,23,964,860,292,80
0.858691021937975,0.129611982278315,421,966,614,675,108,21,151,429,787,953
0.920484982161385,0.450614072287436,991,277,778,694,500,930,413,531,603,351
0.750838889493125,0.672335843922579,480,895,97,498,753,845,85,329,93,718
0.285591705194893,0.856110833478116,305,611,647,279,367,520,654,350,289,414
0.796815787888053,0.498445424254591,347,319,295,111,264,668,890,685,896,730
0.142765830129545,0.048784504036128,657,134,265,714,518,44,455,763,565,406
0.504550190608271,0.313832359872792,217,59,253,321,900,448,240,889,285,645
0.610687951481901,0.641631167720519,575,225,775,159,973,656,556,451,761,341
0.70379673535153,0.786386643614576,371,687,155,501,638,311,435,610,780,832
0.383339931019849,0.289150493176199,703,375,573,727,683,115,401,774,142,437
0.728683436587994,0.497868010687049,905,433,896,668,111,32,705,165,596,919
0.887284680027887,0.818434615976952,712,759,628,986,911,960,959,105,303,740
0.0558483212688232,0.595128292529225,641,11,67,680,599,432,478,232,164,929
0.138216342567174,0.5364246089182,22,897,925,167,729,257,553,599,478,942
0.86306497872538,0.330873140619941,440,219,669,818,270,482,273,783,497,68
0.421746482549435,0.411690226251413,605,615,254,996,461,360,474,116,35,717
0.411314174537886,0.794006240687227,481,797,412,652,796,853,976,538,864,642
0.959141340568648,0.343208220509353,655,161,252,597,27,948,468,744,297,273
0.750245292973041,0.462606735967318,32,433,301,264,165,588,111,347,668,730
0.980997114259686,0.367823667799665,27,161,948,595,655,744,531,252,351,681
0.233515805625746,0.679570619604256,632,28,9,667,300,568,994,128,528,554
0.096226761208291,0.567779031870686,432,478,11,590,591,22,167,680,897,257
0.3845821992189,0.651776846130543,963,786,258,122,286,282,524,148,721,237
0.500272550942528,0.491113748307781,276,957,87,784,866,438,386,764,684,75
0.570255868872406,0.398458234911806,690,138,624,540,269,529,800,844,263,724
0.976631596742213,0.477484208997986,227,930,426,681,991,351,694,572,579,491
0.492855181015119,0.0665876229516056,731,7,699,346,995,859,262,618,51,80
0.400882866391995,0.411028487183606,996,615,593,35,717,739,254,728,626,236
0.994990261820298,0.969091958454476,998,25,790,234,939,894,456,120,842,135
0.260998008345242,0.780721030890361,640,64,112,275,704,554,316,520,181,654
0.66532471074016,0.729017888682995,462,610,373,370,780,410,435,921,825,42
0.964256616169518,0.765650616008666,158,928,245,84,564,303,868,37,911,45
0.671151036378406,0.756580803862821,370,780,462,608,42,586,435,373,501,687
0.299174856434414,0.843270317045169,305,581,647,520,299,654,279,350,367,704
0.531126526815322,0.770156849951834,3,218,571,46,53,393,834,914,233,987
0.001463175172423,0.978660928731569,283,47,552,485,390,794,332,821,912,679
0.883788809402268,0.111359442553858,108,55,966,421,678,162,191,578,139,16
0.404383857307768,0.396076941209457,605,593,739,717,996,236,35,728,517,626
0.301205586513473,0.492060650839531,118,56,841,933,5,488,268,177,196,804
0.95058159140845,0.258094618284834,970,932,310,468,816,14,635,127,748,91
0.460648193206215,0.0369662213086762,80,604,859,699,378,995,231,731,96,577
0.28764751104173,0.974381323033703,126,143,405,36,697,314,213,256,809,829
0.0846266385763814,0.72642597902203,287,623,40,848,977,886,79,989,510,197
0.582181335168515,0.14796483038576,541,179,388,950,770,169,63,837,71,999
0.153068697443093,0.147894557371599,459,857,271,406,651,495,450,290,763,563
0.0730943061694905,0.704824099106688,848,79,886,620,287,40,977,989,510,102
0.580564776830846,0.380993522402518,269,602,690,138,529,540,206,902,800,724
0.287014752397109,0.0764114441659032,416,965,711,153,452,110,137,569,235,663
0.361920084401165,0.410840343032633,728,35,717,739,185,996,605,615,210,236
0.724824693820157,0.142990554089145,487,408,955,682,364,77,781,272,637,428
0.858311678125839,0.798920120530614,105,589,719,959,342,558,911,974,759,712
0.347915686667056,0.930248163138044,267,213,256,697,738,664,533,36,414,147
0.961745605325867,0.00471947787680982,420,801,356,813,174,431,344,324,962,666
0.953569051566716,0.650040581422713,362,372,542,836,404,242,202,822,188,707
0.206037376830358,0.67853246105249,9,598,128,667,788,28,300,205,878,692
0.768244859070775,0.253622841789289,199,943,354,867,672,145,183,361,243,428
0.615531879840537,0.843180912870887,339,726,817,823,507,328,855,385,281,543
0.918922487452317,0.293958774213842,297,468,669,617,970,345,310,273,595,252
0.602537261209494,0.0268603841526058,820,180,24,522,907,198,840,909,643,546
0.702138228304602,0.0933071628967971,364,831,309,13,938,408,6,781,104,983
0.743674955204088,0.797884972292497,155,311,687,832,371,586,8,182,187,435
0.385102276784062,0.711402626220883,864,776,78,786,4,732,796,259,131,524
0.25150378917494,0.783406783842256,607,316,64,112,871,520,554,704,654,275
0.036759737425849,0.623922644020696,590,232,67,11,432,680,79,599,164,848
0.472122874247366,0.825415460073693,946,987,308,709,571,233,46,768,53,17
0.645072328435394,0.0350225850889124,907,24,522,180,10,266,820,636,198,546
0.278969940402046,0.405474972293269,160,89,479,972,119,933,804,734,178,5
0.517860909872254,0.249668755283506,523,285,884,767,427,253,448,52,511,741
0.245666638599838,0.480896841642134,196,804,472,792,178,56,769,734,118,365
0.297508174424547,0.880839127459738,279,350,414,581,367,305,611,256,403,829
0.650474093241864,0.280684817595266,722,509,61,846,502,109,415,865,475,207
0.891393305520928,0.599142509308593,954,140,175,382,389,706,839,50,399,86
0.861106466709371,0.02622613864761,527,73,735,453,749,962,951,149,431,980
0.209915076762285,0.155198666268626,271,450,881,923,290,563,663,549,235,137
0.399093911604274,0.833910870716356,797,976,60,250,594,481,377,538,412,505
0.887883023404443,0.194893367249896,885,675,748,21,816,151,906,310,16,14
0.25652801190383,0.829788035104075,520,289,305,581,157,871,723,611,640,607
0.966801604367428,0.338074859029462,595,252,161,27,597,948,468,91,127,744
0.619157352979331,0.67111654953098,451,585,225,973,921,575,775,374,159,341
0.165345766530944,0.0523663190627388,134,583,763,222,65,406,555,265,714,44
0.826199028826719,0.734309066385156,12,719,935,982,872,974,105,182,228,498
0.655693101208612,0.499481777820457,400,101,705,376,306,221,904,835,449,170
0.546452584058729,0.943299937460375,315,26,742,58,747,765,330,381,95,141
0.251329283428934,0.289772416367565,830,113,352,548,521,695,551,567,752,515
0.0401563845552436,0.376560426992884,504,150,686,144,496,20,807,873,698,363
0.233375412573706,0.113755361650924,137,235,923,711,965,549,651,271,110,763
0.361112936249855,0.964850707268855,147,213,629,697,36,267,533,256,143,738
0.633455035012366,0.43251156721242,922,835,724,800,844,902,221,170,101,529
0.986098096222032,0.0845632009931329,324,813,344,174,333,420,801,760,191,940
0.207156646144958,0.716676412592981,994,128,632,568,788,598,316,878,554,9
0.75708394155577,0.506787379534883,111,896,295,685,905,588,433,32,347,582
0.886328109630447,0.328087741248748,818,219,592,273,440,297,270,635,68,482
0.472229859496957,0.753524141094147,233,689,53,915,46,853,571,612,946,3
0.158913526072725,0.836005824603354,304,457,877,908,436,537,750,176,785,806
0.810920785648706,0.253716352276902,361,355,199,183,633,249,975,783,906,497
0.476507752716948,0.53442501679032,997,852,808,391,764,438,866,957,601,874
0.116287532246184,0.435165232964158,460,211,698,99,920,926,458,392,496,924
0.87572061278464,0.157704145695579,21,151,578,16,653,421,326,614,885,966
0.635186379463005,0.600481203671839,556,516,746,575,775,973,159,585,725,720
0.0972813490916307,0.937450760032403,824,0,94,190,334,477,43,891,710,821
0.908439456239631,0.107758578775102,191,55,139,162,614,108,16,966,421,149
0.0350160215102984,0.899981434728875,215,43,552,485,821,390,0,677,186,536
0.0397496941127982,0.550464991190469,11,67,929,164,590,599,81,72,641,875
0.988567891226263,0.427356686821267,351,531,744,603,597,227,27,991,930,161
0.686181598460337,0.152380830362768,77,272,781,856,627,13,983,133,364,837
0.376689192738032,0.247546002513464,703,573,727,587,484,423,142,774,979,437
0.50432425279886,0.447368793703639,513,439,386,246,263,380,276,348,601,957
0.763495679287094,0.532783437696949,896,295,668,111,905,582,588,919,347,433
0.048874796779512,0.354651134298573,144,662,150,20,504,873,363,496,945,807
0.72592765659386,0.773114812272379,155,586,832,435,638,371,311,501,610,780
0.701328058598017,0.881681142450407,560,756,743,338,465,244,187,782,441,318
0.458890825812503,0.734092093476126,915,670,233,853,53,46,398,796,237,506
0.58229480895525,0.406432206360085,138,540,602,624,529,800,269,724,844,206
0.339089801284837,0.604178745602068,862,402,913,384,696,106,258,425,92,286
0.170625413666577,0.641105051660087,205,300,9,942,878,146,102,632,981,956
0.39919340390056,0.127466836015375,241,795,33,366,23,858,843,819,803,418
0.919777194544381,0.496191996945931,500,930,491,277,991,579,572,603,227,426
0.226045437313252,0.310469355507002,551,830,567,802,525,754,661,274,163,515
0.361006696151087,0.57857446388477,92,384,913,402,691,862,294,286,258,268
0.324562012755833,0.943608937038841,36,213,256,405,629,267,664,147,414,143
0.0835821136679928,0.42693960927636,460,496,674,99,20,392,807,211,504,662
0.512665533605464,0.0331284411700892,859,995,262,604,618,7,80,731,840,833
0.832864824781385,0.929433878785966,419,561,121,810,464,736,791,740,863,442
0.904613498537146,0.924982251332918,812,120,810,939,894,561,62,740,456,121
0.723595912269745,0.358306919554313,969,467,967,208,434,312,865,109,883,502
0.382995824300504,0.259989116322472,573,683,587,727,484,142,375,437,423,774
0.298017055986365,0.786859645603551,275,112,181,64,607,204,299,640,117,520
0.691711635714817,0.511582243380335,919,409,905,659,449,588,306,400,323,165
0.880456926829212,0.562527153389906,175,850,140,399,129,539,649,317,737,954
0.924548307619519,0.684793764143528,822,242,483,952,404,542,532,228,362,631
0.0812527753704966,0.0923965953476921,508,455,445,565,944,353,83,984,31,931
0.482673014572774,0.872578967039445,469,17,154,381,308,642,987,946,768,505
0.128265055730776,0.942937880219704,477,190,891,94,824,49,307,677,334,941
0.252911159241006,0.0965942366019155,965,137,663,235,625,923,153,110,549,416
0.883961534752615,0.845882505221427,589,740,986,759,960,628,959,810,561,239
0.19627691321341,0.909395614856024,255,195,499,937,229,494,828,490,473,750
0.121353654736966,0.0113411405597612,44,265,518,422,583,565,222,134,657,353
0.543694993460822,0.523682703745454,335,811,888,764,438,784,75,1,87,773
0.314620748221422,0.650345273658944,425,772,131,862,691,357,402,106,258,913
0.382040915068017,0.385145350705933,739,236,728,615,517,605,185,626,35,996
0.791539262851844,0.64930204945739,559,916,901,895,753,93,368,580,498,85
0.83917947954026,0.762853479752345,658,105,872,974,628,342,182,558,12,935
0.680236385926769,0.575685981383182,323,449,516,173,38,409,746,919,904,676
0.416922007301322,0.631919148712233,122,148,66,282,524,963,286,600,258,237
0.642889807506085,0.278204003887099,648,509,61,846,502,415,109,475,207,865
0.214081451540123,0.839836422799811,157,289,871,908,877,654,828,229,70,570
0.617270805784742,0.426834956239074,800,665,922,844,835,540,529,902,170,690
0.67519114584572,0.631622378349663,173,973,921,220,676,845,825,720,410,97
0.601023484608767,0.833466981520768,339,817,634,507,328,281,385,814,76,543
0.346309504003818,0.27018546361456,774,683,703,587,322,401,573,423,882,375
0.364401368261552,0.400800736172277,626,717,739,185,35,605,615,996,236,517
0.171481076831545,0.554254592413654,925,22,591,942,897,553,792,769,365,167
0.795361567918927,0.44386535683262,301,264,890,347,883,596,463,32,582,319
0.492666912300111,0.090384122028611,346,7,604,51,869,278,231,123,394,833
0.3546228545481,0.744381309987074,4,78,776,204,864,259,412,639,357,796
0.775061199974026,0.0326154493029029,530,216,340,132,247,325,358,90,194,41
0.236804807064439,0.429742543433021,178,972,89,804,927,119,644,2,646,924
0.844833449014199,0.0372622794740213,650,527,951,73,980,992,453,749,947,194
0.816526970819136,0.97579775303611,442,34,535,419,464,121,700,331,863,82
0.846228364063407,0.522339908013089,129,539,850,319,193,399,317,706,582,500
0.370186850863759,0.909629978597814,533,826,267,629,107,377,250,213,256,60
0.383229531559576,0.383247921340015,717,236,517,615,728,605,185,626,996,35
0.861334748060102,0.884452236904782,810,561,239,712,700,791,812,701,959,545
0.463909192882959,0.255017609331153,437,142,448,968,767,240,884,285,645,523
0.570548219905534,0.909049841942801,747,58,765,851,660,543,18,514,17,381
0.695306808701783,0.894560444751255,688,756,560,465,338,318,244,782,327,187
0.960917273175491,0.398517160990578,531,351,597,161,681,27,778,595,948,413
0.546312979252437,0.625020001836008,443,359,124,761,934,341,223,917,200,446
0.636576573431727,0.567597286185841,516,904,676,376,720,556,838,449,323,775
0.570892489230996,0.894511885444997,742,851,765,543,58,18,385,660,76,281
0.927112147047291,0.214165803867894,816,14,310,885,970,444,653,617,932,760
0.863765569817538,0.00385915886072064,73,527,962,650,453,735,431,951,358,149
0.169839250866394,0.88058146103171,537,195,499,457,713,908,209,255,229,828
0.178699029167114,0.235121635040512,766,879,515,857,563,958,290,417,450,881
0.243504367623195,0.244864622347078,521,993,548,515,57,214,661,152,849,113
0.751779355061302,0.640917035139739,93,85,480,97,580,220,845,718,895,251
0.199134375117022,0.304524481208468,567,695,830,802,551,525,274,958,910,163
0.982940511503982,0.825620811888813,45,369,564,303,960,986,609,842,135,62
0.70963870247907,0.883688710947261,560,688,743,338,465,244,782,187,990,441
0.175436145519359,0.945372957985459,961,937,189,209,847,534,713,307,49,710
0.858297392360323,0.39079533840462,68,270,349,463,238,413,818,440,219,273
0.909411483043429,0.801320064711665,986,911,960,589,303,628,712,870,245,609
0.961663080193266,0.157113287977468,333,940,444,16,139,14,885,191,748,678
0.57059970408596,0.625165396779904,124,341,159,745,775,223,225,359,575,443
0.562879230350446,0.698985352759655,374,486,493,834,280,917,451,341,225,656
0.176661204694203,0.0858689331204349,406,657,134,583,65,663,622,271,923,110
0.513679060375601,0.53117957278844,438,811,715,784,87,957,335,997,773,673
0.548471915929806,0.888566522140567,851,747,742,543,17,469,381,136,768,76
0.165277442620174,0.263666008189626,879,958,751,777,454,515,910,754,417,567
0.493893038532447,0.23478552530433,884,285,645,523,448,741,968,427,437,142
0.535117267476248,0.839657227724237,136,308,76,385,281,851,543,17,987,507
0.198807159832174,0.495540029725937,553,792,472,196,646,365,2,924,925,729
0.623168912334087,0.152366366412905,837,63,133,856,621,541,272,388,983,781
0.0263153936543578,0.230768155809496,114,48,130,302,544,172,827,293,945,411
0.318790961250692,0.657953957084698,716,425,131,357,862,691,259,402,258,786
0.53299953441055,0.562948381240076,811,446,171,335,764,223,715,359,438,888
0.326773737487972,0.291828737648848,322,727,882,401,352,113,587,447,375,115
0.60219044061065,0.622304984715124,575,159,556,585,225,761,124,676,341,973
0.361932727456263,0.715905408292378,78,639,864,4,732,259,357,131,786,796
0.134920636585675,0.280731034080199,454,958,766,337,910,879,827,815,417,751
0.913813503547356,0.412273158549075,413,579,531,991,744,68,277,758,273,351
0.640558837291562,0.362205713414129,206,566,902,529,502,624,269,724,467,415
0.658774142295879,0.781392022002529,370,42,610,501,586,371,608,462,855,441
0.675330331309865,0.135487151301981,77,272,856,682,13,983,938,364,637,627
0.744557714206159,0.90206951454967,990,338,854,395,465,244,863,756,560,688
0.84217757318696,0.28963608587814,249,975,497,345,482,361,592,906,183,672
0.516657167709074,0.499557926109802,87,957,438,601,276,764,75,866,715,386
0.151868701454032,0.783590388178023,806,798,304,570,70,877,671,989,977,436
0.380664274287961,0.677062062697606,600,639,524,963,282,776,258,131,237,122
0.821019401441083,0.1498117300189,326,291,151,320,21,471,562,578,184,421
0.1713643793428,0.696619479617911,878,128,632,667,205,102,146,9,989,994
0.329975281417833,0.129013043122745,803,569,898,23,241,979,965,625,693,452
0.966471986909258,0.945946287415715,939,998,25,606,894,234,456,120,842,135
0.806292596514217,0.886411849242866,239,854,395,863,545,990,700,740,561,959
0.22218792998221,0.51500461293742,472,365,769,196,646,387,553,88,729,925
0.999773122694756,0.679408745931636,188,836,202,37,404,631,362,483,242,822
0.0637386974643527,0.976793357833632,332,390,912,485,821,552,334,0,941,47
0.425483118086481,0.12546035664003,843,33,693,858,96,248,231,819,51,241
0.404338152089687,0.752243051246404,853,864,78,412,481,594,639,4,732,776
0.400292883883605,0.827051909456158,652,976,594,481,60,250,538,412,377,299
0.111922643905894,0.781430326910244,15,785,977,54,989,978,197,176,510,620
0.424310773237634,0.190882666758224,887,74,819,484,366,858,33,248,968,979
0.613545882666124,0.428641340603978,724,844,665,922,835,540,170,529,690,138
0.988061285755543,0.0144567471162916,420,630,813,324,174,344,356,666,431,962
0.219900778839496,0.325285488719696,525,551,695,274,567,830,754,163,661,156
0.354081077910303,0.13470202862637,789,241,898,569,23,693,979,366,418,33
0.266241879188127,0.450517462084021,89,178,56,933,734,972,646,644,5,196
0.291498033965174,0.572274930178577,106,387,98,384,913,88,691,268,118,862
0.188389541510827,0.792023281983178,570,70,871,785,877,316,304,157,908,671
0.0228596236256173,0.419736609978054,504,496,150,662,875,698,460,20,686,81
0.449404181948484,0.532536544340956,391,673,852,997,39,866,874,438,764,601
0.243640193394703,0.925704392028016,829,403,918,473,490,494,314,847,255,229
0.868726544739881,0.899081837742182,561,740,701,812,700,712,239,791,121,120
0.528610767442621,0.544833398468742,773,764,335,715,438,446,171,784,87,888
0.914135168141916,0.901123950170368,120,701,62,894,135,456,810,842,561,740
0.973930177058907,0.0518267089040074,324,174,344,666,420,801,630,356,431,678
0.58542595866233,0.808602518680107,328,817,507,393,281,726,914,385,76,339
0.118975382673679,0.334904579377686,337,873,363,910,454,777,430,945,20,144
0.926532588931345,0.228683117248675,310,748,14,970,885,617,932,653,444,345
0.593560772481158,0.822401807645737,328,507,726,814,281,339,385,634,76,393
0.883615304924768,0.348234578993427,219,273,669,440,270,592,68,297,758,413
0.424475931087654,0.165470595368233,858,33,887,799,366,74,248,795,693,484
0.60725738588404,0.0281335680082572,636,180,24,522,907,198,643,840,909,266
0.0707635824773016,0.955369765277556,390,912,485,552,794,0,334,43,677,332
0.924772431183198,0.6802907117056,707,242,483,542,952,404,532,362,631,228
0.642079416141701,0.860562114724664,855,634,339,441,726,318,817,688,743,507
0.104499667897575,0.939093515352434,677,190,94,0,477,334,710,891,941,43
0.700225073689456,0.680193964448052,410,845,373,97,480,921,580,725,462,85
0.395804328828332,0.917423748447434,107,533,738,505,250,629,267,377,664,213
0.0849047507770724,0.256691670901158,302,48,945,417,777,454,337,771,363,544
0.214478867551072,0.885618134429019,229,499,255,473,713,195,494,289,750,490
0.248798897538397,0.920042790118182,809,403,473,494,918,490,314,367,279,255
0.226653137461408,0.300063440036683,695,567,551,802,661,754,525,515,521,274
0.703004391018124,0.0733909466937926,309,637,364,6,512,13,938,10,576,132
0.754152585217827,0.767398734960137,687,638,155,435,8,182,586,311,329,974
0.547286633863654,0.084952215865014,394,7,574,262,346,869,909,995,169,731
0.553483419934252,0.728764079592672,486,762,218,374,612,3,493,914,280,393
0.630572791703042,0.44788964358771,922,665,724,800,101,844,170,221,400,902
0.985456950514749,0.651248663216932,202,188,793,631,362,404,224,372,542,242
0.634278202982618,0.169501870614945,133,770,63,272,856,475,69,999,781,77
0.60045561253082,0.53144924135958,397,888,376,904,746,335,1,715,516,659
0.909186957080075,0.63380085819396,382,50,372,542,389,954,649,242,166,362
0.570836633882231,0.0140960041826924,636,909,820,180,262,995,24,574,198,522
0.335419921247063,0.470371335231002,210,488,5,177,288,616,933,379,56,407
0.957139158310899,0.886325971168106,135,456,62,894,120,812,369,790,25,701
0.439923122280153,0.114028435678071,795,231,96,51,248,858,33,693,123,819
0.601542593515676,0.442541151650179,800,170,724,835,540,922,665,138,690,101
0.720262361570523,0.659547888161553,97,480,825,85,580,410,753,220,93,895
0.678778341671463,0.294772970267685,109,509,648,865,502,722,61,434,467,969
0.212759010103203,0.9503684015149,918,490,314,494,937,383,757,809,713,961
0.0816233750456651,0.694286247565555,79,623,40,886,620,287,102,956,977,146
0.274479407885599,0.206806527020916,214,57,892,152,470,993,752,549,548,521
0.867518386466464,0.554762325956739,399,706,539,129,175,317,140,737,557,649
0.559357067397456,0.879278484511919,765,747,543,742,385,76,136,768,281,17
0.46462777102732,0.557857690719796,997,673,874,808,391,861,39,764,171,438
0.430300900780404,0.752334060151411,796,689,670,481,233,594,864,915,639,412
0.773985920020414,0.894900792229508,395,990,863,782,791,244,338,464,239,465
0.653920421280792,0.84184417306489,823,441,634,339,501,726,187,780,371,42
0.657729271666528,0.130856682645948,781,983,272,77,13,682,938,770,104,837
0.161020904584738,0.189153933851989,459,622,290,563,417,450,751,881,271,651
0.432376826943672,0.153639830892556,33,819,248,887,795,74,366,799,843,693
0.505086084355522,0.0289020656650996,699,995,262,604,618,80,7,731,840,833
0.375332280929957,0.00908489849181371,964,292,260,378,298,577,19,29,452,336
0.480372228085867,0.596451741972037,874,492,550,171,489,852,192,997,443,359
0.342421402767108,0.609049324383808,691,402,913,384,696,258,106,425,286,716
0.777146440140074,0.918923432010552,990,854,464,782,395,791,419,700,338,244
0.383943862389807,0.733574443373122,78,639,796,776,4,732,412,853,259,786
0.711556426991232,0.301146952100848,109,434,846,467,969,867,208,509,702,502
0.480933407391951,0.49557447903043,276,601,386,957,87,438,784,673,997,764
0.729180222121572,0.258163023498381,943,633,354,109,865,199,434,145,243,30
0.937559238963407,0.732854363876553,84,245,532,928,870,483,952,609,158,37
0.517254402550923,0.116760751041515,346,278,71,7,394,731,123,833,950,51
0.903068748626668,0.746041563257602,872,532,868,911,245,952,228,84,928,935
0.218192642130913,0.809789107094191,157,70,570,723,806,640,289,654,877,316
0.873219340172905,0.745233681211662,870,935,719,228,658,911,532,628,952,868
0.0826929319308535,0.337143314113377,363,144,337,815,686,945,20,662,504,150
0.465403416570693,0.584324980436338,861,852,492,997,550,673,171,808,489,391
0.0219298228079787,0.468952104955939,81,72,807,929,392,99,496,698,460,504
0.808280550035548,0.0872650344600689,194,988,992,980,429,953,291,184,325,947
0.179209500791232,0.828717426160072,908,304,671,457,723,157,806,570,537,871
0.165392246853951,0.685944708438845,788,128,205,102,146,632,692,9,667,989
0.181603467162106,0.267325055095755,766,958,751,515,754,567,777,454,910,830
0.691436563311207,0.969483564592453,284,327,82,318,465,743,514,338,782,756
0.213763519227956,0.183774202665835,450,290,563,651,271,857,923,549,459,751
0.298104859773207,0.299940922944898,322,352,113,774,447,548,661,727,401,152
0.768335147059746,0.411184890688863,312,301,730,967,596,264,32,463,349,702
0.501150094646019,0.236489187115421,767,285,645,523,448,741,427,253,968,511
0.909464806507279,0.195055322681085,653,748,816,14,310,444,675,16,760,970
0.0578529030879383,0.705379279645915,623,287,79,848,620,40,510,197,977,232
0.436751928242895,0.180548253665843,74,799,819,858,33,248,366,484,795,968
0.572254745571166,0.522332917921855,397,335,715,838,1,75,811,773,764,784
0.565067159777179,0.296171823286006,207,52,415,253,343,427,584,523,645,269
0.823816567226359,0.462781888284344,212,193,319,730,347,582,264,463,301,737
0.126098827482582,0.925232416679281,477,49,94,710,190,824,209,677,536,0
0.30011677753376,0.215889142296026,470,152,214,849,57,423,993,548,752,979
0.00212202483321056,0.00100887850701248,230,31,422,944,353,931,984,518,565,83
0.951107357890273,0.906606243116842,456,120,842,135,62,812,790,939,701,25
0.766299363331997,0.680041945628298,498,580,982,329,480,718,97,753,559,85
0.75130416218815,0.514951805346954,668,111,685,905,295,588,433,32,919,582
0.138864837140935,0.522068881119071,591,22,167,257,925,553,729,599,99,769
0.349319542642626,0.102918579221459,569,23,803,789,241,418,452,693,29,336
0.151340560497478,0.996880488188375,534,307,189,941,383,757,710,961,334,190
0.496720678257924,0.358968819374506,217,125,547,203,321,59,584,100,474,360
0.80865225291219,0.625242598780211,916,718,559,985,368,261,557,93,753,526
0.632868793441147,0.393366521225294,206,529,566,779,724,665,800,922,690,624
0.688401497692848,0.00766244550040407,10,576,512,41,643,6,831,907,24,132
0.639570217855257,0.545284934032101,376,746,516,838,449,659,323,720,676,705
0.729321726243568,0.509110374446584,588,896,668,111,919,433,705,685,409,32
0.859845708085369,0.246778920321399,345,975,249,355,361,783,672,653,816,310
0.626955379414573,0.0453952746616395,522,24,266,643,180,198,820,636,546,476
0.180591372909388,0.84172974476101,877,671,457,304,537,723,157,750,436,871
0.573306546332578,0.048249917605632,574,840,636,198,820,262,546,180,833,522
0.163566156384053,0.316320497497147,958,163,754,274,454,777,815,879,430,766
0.90605173557551,0.783419430439279,759,986,870,589,960,303,628,872,245,928
0.0773427851333207,0.972400059712246,794,332,821,390,334,485,941,0,552,677
0.338534650141676,0.586464080739028,384,402,691,862,696,106,92,805,268,258
0.580617547397133,0.778043849281618,393,814,328,218,817,3,612,507,834,42
0.475235157492277,0.727697443692381,689,670,233,53,46,853,398,506,571,237
0.805320486225532,0.650986797126378,559,718,901,368,895,982,526,753,498,93
0.530778140974806,0.664615020149917,280,493,200,934,443,506,745,341,374,762
0.227310331642288,0.938779800520264,490,494,314,847,809,829,473,403,937,255
0.709484975196481,0.53508126571778,409,449,705,323,905,588,896,38,720,685
0.14863255320485,0.398440118410103,926,458,296,971,430,211,674,924,927,2
0.658116181223384,0.670457661455949,973,656,725,825,410,373,451,585,608,462
0.633982547890093,0.440534471776437,665,835,724,800,844,101,221,170,400,902
0.229306251465772,0.13287394477806,663,235,137,651,549,271,711,965,450,881
0.182228015272702,0.439203747941782,2,211,927,458,971,920,926,734,296,769
0.16635250773645,0.547642742273276,729,22,591,897,553,942,167,769,792,365
0.149607091618741,0.395136375845411,458,920,296,971,430,211,674,927,924,2
0.202747397742598,0.39827199452513,156,971,296,2,119,924,734,430,972,458
0.954958901813773,0.751348651125886,245,84,609,158,868,37,532,870,303,564
0.0159083388094849,0.522350346054575,164,680,67,81,72,11,875,392,590,599
0.957514350171183,0.490433033651247,603,227,426,694,572,491,991,579,500,503
0.0256922853702279,0.0886789345424768,984,83,944,230,201,949,445,708,508,411
0.971110663095709,0.250851633092814,617,970,127,468,14,310,91,816,748,635
0.297595676758473,0.447559022780024,5,488,56,804,89,841,616,644,160,178
0.525073079219425,0.637960896081718,443,200,745,917,359,489,280,341,492,124
0.862339211479325,0.709445291503946,228,872,658,952,526,368,870,532,719,12
0.896404903464912,0.992619809281419,331,121,234,939,701,736,790,34,419,700
0.189010555411161,0.9321948700926,757,961,713,847,490,494,255,195,209,189
0.660719557448035,0.0922294963888484,104,983,13,856,637,266,781,831,476,364
0.941230937873485,0.953539972829461,790,234,701,894,120,998,456,606,812,936
0.975707125670632,0.162795658817501,333,760,444,14,748,16,885,139,666,191
0.107935253017744,0.970455087271826,334,190,912,0,824,307,710,677,94,821
0.178899228022263,0.597006665267872,981,729,692,300,925,478,205,9,22,28
0.746551427132036,0.240227119123713,354,867,633,145,199,243,428,30,672,955
0.04946852253195,0.0702951614777546,230,931,353,31,984,708,83,565,508,455
0.0712848819635339,0.300041215108974,363,337,873,827,144,302,686,815,454,544
0.489125519571328,0.813544823896987,987,642,571,308,46,53,233,768,3,709
0.849893821239637,0.0767098742008153,953,429,992,951,988,980,966,149,735,421
0.997041443878,0.354473095439048,27,597,161,655,252,595,744,91,531,127
0.00439261258217538,0.132010874408976,411,201,83,984,931,293,172,445,130,944
0.542607464059079,0.158179630334593,179,71,621,388,869,278,541,511,394,346
0.861348176416565,0.0621470516173679,947,149,953,735,992,980,453,429,650,988
0.909139024470062,0.701843478892324,532,707,228,822,483,242,868,870,935,404
0.845350562277612,0.0864816970794666,429,947,988,992,980,951,966,421,876,194
0.878872884638524,0.616787239562239,389,649,50,166,382,839,175,526,140,399
0.746182237657744,0.173771583224603,487,428,243,145,627,562,354,320,30,471
0.117489380198907,0.651401064738548,146,102,478,432,692,79,848,205,40,878
0.509022256836494,0.498696405983114,87,784,601,438,276,866,764,386,75,715
0.168831763959386,0.284510688567093,766,879,910,777,454,754,567,515,751,274
0.831111503195807,0.830559738735304,545,558,105,239,342,628,182,974,8,712
0.928010856738739,0.81835988248334,986,759,303,589,911,712,45,755,62,609
0.169484428844022,0.938169403753504,757,937,189,209,49,713,710,307,195,847
0.88373732004521,0.000326096340118931,749,431,73,527,453,650,356,735,149,951
0.387862894629115,0.640389224633762,600,122,286,258,148,282,721,524,786,66
0.382569460225602,0.00735569277648584,860,292,260,378,577,29,298,19,336,452
0.271452923967019,0.106421106692614,711,137,235,625,663,549,923,416,153,110
0.867883142835154,0.106794413254953,421,614,108,578,55,953,429,162,947,988
0.74150245721089,0.3671090438542,702,208,969,467,312,883,434,226,865,109
0.447872730127646,0.239607700586711,142,741,437,448,767,240,74,884,799,573
0.709638857830719,0.346140201697452,467,702,967,208,434,865,109,502,846,779
0.944331282902017,0.249619835400228,617,310,932,816,14,748,468,635,127,91
0.174117873471634,0.387064314143913,296,430,458,926,920,927,156,163,2,924
0.244596283964325,0.421038370433554,734,89,178,804,644,119,927,479,933,2
0.640929124395263,0.640077289145426,585,921,725,575,656,676,775,225,556,451
0.808612509899044,0.787552972956609,182,342,558,8,105,719,959,628,545,658
0.853371006453131,0.269994423620667,249,345,783,906,355,361,672,497,592,183
0.398117646920762,0.84398236072591,652,797,250,60,377,594,481,505,538,107
0.115493808747709,0.740468380221871,989,620,40,798,287,623,785,848,79,886
0.0802809517729943,0.826101948913986,15,54,186,176,168,798,436,197,510,457
0.360467620079557,0.182192247374924,423,366,484,803,241,789,470,799,819,693
0.828905549640201,0.0654361827556491,992,194,947,988,953,429,876,735,951,650
0.214609706276641,0.610350262112943,300,28,942,9,98,88,692,205,632,729
0.791040323906674,0.701552809275043,12,498,895,329,559,658,580,718,916,368
0.654688314176377,0.111617712753208,856,938,104,13,781,77,272,637,476,682
0.0261464480617988,0.0958237324700979,931,83,944,201,230,949,445,708,411,508
0.785776285897775,0.597833772320779,901,261,557,251,93,718,753,916,559,85
0.922563045272989,0.812232610355035,960,759,303,911,589,712,45,755,609,628
0.492313130975707,0.81457817403632,946,642,308,571,46,768,53,233,136,3
0.834011655118891,0.0894369651433987,429,953,992,947,980,876,194,421,966,951
0.13135368534335,0.731278705325746,977,40,620,788,798,785,878,128,102,848
0.75978347118252,0.903856576224039,782,854,863,395,338,244,465,791,756,464
0.92573618067275,0.452231787215498,579,277,778,694,500,930,531,603,413,351
0.832707574402226,0.0706876763586191,980,947,988,953,429,194,876,951,735,966
0.259401160852536,0.241278155067504,752,57,521,214,548,152,849,113,352,892
0.21302176736209,0.731865059823696,667,568,316,128,554,632,788,598,70,570
0.522314781683827,0.0404916156591709,262,699,859,604,7,833,909,394,840,731
0.397357100825043,0.424522762856597,605,35,593,615,254,626,728,717,313,739
0.47910978255359,0.540215087042906,673,852,808,764,391,438,866,874,811,957
0.993903639578547,0.953827837894086,606,25,790,939,234,456,894,120,842,135
0.604478457779412,0.208905741989429,69,475,63,388,343,133,511,837,770,621
